{
 "cells": [
  {
   "cell_type": "markdown",
   "metadata": {},
   "source": [
    "# Quick intro\n",
    "\n",
    "This is a jupyter notebook for testing / coding. So far, each code block is a separate test; unlike an ordinary notebook, they are not meant to run sequentially.\n",
    "\n",
    "Let's do MCMC:\n"
   ]
  },
  {
   "cell_type": "markdown",
   "metadata": {},
   "source": [
    "Next, running \"ei\". This started out as a copy of Fritz's code but it's evolved into a working version of ours."
   ]
  },
  {
   "cell_type": "code",
   "execution_count": 12,
   "metadata": {
    "scrolled": false
   },
   "outputs": [
    {
     "name": "stdout",
     "output_type": "stream",
     "text": [
      "Yes, I will run.\n",
      "Reloading polytopize.\n",
      "model:begin 1.0 False\n",
      "ec:tensor([0.0000, 0.5000])\n",
      "erc:tensor([[0., 1.],\n",
      "        [2., 0.],\n",
      "        [0., 0.]])\n",
      "y[0]:tensor([[164., 159.],\n",
      "        [105., 117.],\n",
      "        [ 61.,  56.]])\n",
      "scale tensor(6.1139)\n",
      "svi.step(... 0 tensor(6.1139)\n",
      "guide:begin tensor(6.1139) True\n",
      "sizes [torch.Size([1]), torch.Size([2, 1]), torch.Size([2]), torch.Size([3, 2])]\n",
      "model:begin tensor(6.1139) True\n",
      "model y tensor(6.1139) torch.Size([5, 3, 2]) tensor([[161.0121, 161.9879],\n",
      "        [110.6647, 111.3353]], grad_fn=<SliceBackward>)\n",
      "model:end\n",
      "lp:  tensor(-23432.2676, grad_fn=<AddBackward0>) 361\n",
      "calc_lls\n",
      "rescaledSDDD torch.Size([8, 8])\n",
      "tensor([[  0.0000,   0.0000,  -0.9940,   0.9940],\n",
      "        [  0.0000,   0.0000,   0.0000,   0.0000],\n",
      "        [ -0.9940,   0.0000,  88.1389, -80.7498],\n",
      "        [  0.9940,   0.0000, -80.7498,  88.1389]], grad_fn=<SliceBackward>)\n",
      "tensor([[  0.5542,   0.0000,  -0.9940,   0.9940],\n",
      "        [  0.0000,   0.5932,   0.0000,   0.0000],\n",
      "        [ -0.9940,   0.0000,  91.0008, -80.7498],\n",
      "        [  0.9940,   0.0000, -80.7498,  91.0008]], grad_fn=<SliceBackward>)\n",
      "example:\n",
      "tensor([[   0.0000,    0.0000,   -6.0770,    6.0770],\n",
      "        [   0.0000,    0.0000,    0.0000,    0.0000],\n",
      "        [  -6.0770,    0.0000,  538.8687, -493.6931],\n",
      "        [   6.0770,    0.0000, -493.6931,  538.8688]], grad_fn=<SliceBackward>)\n",
      "tensor([[   3.3885,    0.0000,   -6.0770,    6.0770],\n",
      "        [   0.0000,    3.6268,    0.0000,    0.0000],\n",
      "        [  -6.0770,    0.0000,  556.3661, -493.6931],\n",
      "        [   6.0770,    0.0000, -493.6931,  556.3664]], grad_fn=<SliceBackward>)\n",
      "marginal\n",
      "tensor([[33832.0312, -7382.8218, -3666.9561],\n",
      "        [-7382.8218, 22567.8887, 14975.3555],\n",
      "        [-3666.9561, 14975.3555, 26283.7539]], grad_fn=<SliceBackward>)\n",
      "tensor([[   7706.5039,   -3608.8889,   -1471.3616],\n",
      "        [  -3608.8923,  -25952.5801,  -56879.3477],\n",
      "        [  -1471.3628,  -56879.3477, -114291.2812]], grad_fn=<SliceBackward>)\n",
      "rescaledSDDD torch.Size([3, 3])\n",
      "tensor([[   7706.5039,   -3608.8889,   -1471.3616],\n",
      "        [  -3608.8923,  -25952.5801,  -56879.3477],\n",
      "        [  -1471.3628,  -56879.3477, -114291.2812]], grad_fn=<SliceBackward>)\n",
      "tensor([[446493.8750,  -3608.8892,  -1471.3615],\n",
      "        [ -3608.8923,  57003.3438, -56879.3477],\n",
      "        [ -1471.3628, -56879.3477,  57067.3438]], grad_fn=<SliceBackward>)\n",
      "ps2\n",
      "guide:end\n",
      "model:begin tensor(6.1139) True\n",
      "model y tensor(6.1139) torch.Size([5, 3, 2]) tensor([[160.4884, 162.5116],\n",
      "        [110.4346, 111.5654]], grad_fn=<SliceBackward>)\n",
      "model:end\n",
      "epoch 0 loss = 30710.865763306618; logsdrcstar = -1.0049999952316284;\n",
      " ercstar = tensor([[-0.0050],\n",
      "        [ 0.0050]], requires_grad=True)\n",
      "scale tensor(6.3715)\n",
      "svi.step(... 1 tensor(6.3715)\n",
      "guide:begin tensor(6.3715) True\n",
      "sizes [torch.Size([1]), torch.Size([2, 1]), torch.Size([2]), torch.Size([3, 2])]\n",
      "model:begin tensor(6.3715) True\n",
      "model y tensor(6.3715) torch.Size([5, 3, 2]) tensor([[157.2141, 160.7859],\n",
      "        [160.8017, 161.1983]], grad_fn=<SliceBackward>)\n",
      "model:end\n",
      "lp:  tensor(-31850.5645, grad_fn=<AddBackward0>) 361\n",
      "calc_lls\n",
      "rescaledSDDD torch.Size([8, 8])\n",
      "tensor([[ 6.2867e-05, -3.1536e-05, -9.9495e-01,  9.9495e-01],\n",
      "        [-3.1536e-05,  0.0000e+00,  0.0000e+00,  0.0000e+00],\n",
      "        [-9.9495e-01,  0.0000e+00,  8.6954e+01, -7.9491e+01],\n",
      "        [ 9.9495e-01,  0.0000e+00, -7.9491e+01,  8.6954e+01]],\n",
      "       grad_fn=<SliceBackward>)\n",
      "tensor([[ 3.3775e-03, -3.1536e-05, -9.9495e-01,  9.9495e-01],\n",
      "        [-3.1536e-05,  4.3868e-01,  0.0000e+00,  0.0000e+00],\n",
      "        [-9.9495e-01,  0.0000e+00,  1.2517e+03, -7.9491e+01],\n",
      "        [ 9.9495e-01,  0.0000e+00, -7.9491e+01,  1.2517e+03]],\n",
      "       grad_fn=<SliceBackward>)\n",
      "example:\n",
      "tensor([[ 4.0056e-04, -2.0093e-04, -6.3393e+00,  6.3393e+00],\n",
      "        [-2.0093e-04,  0.0000e+00,  0.0000e+00,  0.0000e+00],\n",
      "        [-6.3393e+00,  0.0000e+00,  5.5403e+02, -5.0648e+02],\n",
      "        [ 6.3393e+00,  0.0000e+00, -5.0648e+02,  5.5403e+02]],\n",
      "       grad_fn=<SliceBackward>)\n",
      "tensor([[ 2.1520e-02, -2.0093e-04, -6.3393e+00,  6.3393e+00],\n",
      "        [-2.0093e-04,  2.7951e+00,  0.0000e+00,  0.0000e+00],\n",
      "        [-6.3393e+00,  0.0000e+00,  7.9749e+03, -5.0648e+02],\n",
      "        [ 6.3393e+00,  0.0000e+00, -5.0648e+02,  7.9749e+03]],\n",
      "       grad_fn=<SliceBackward>)\n",
      "marginal\n",
      "tensor([[ 45962.8984, -11010.2012,  -5453.8252],\n",
      "        [-11010.2012,  30637.5508,  20823.8750],\n",
      "        [ -5453.8252,  20823.8750,  36193.9258]], grad_fn=<SliceBackward>)\n",
      "tensor([[  25058.7852,  -28171.2793,  -21391.5938],\n",
      "        [ -28171.2676, -701188.1875, -393355.3750],\n",
      "        [ -21391.5938, -393355.3750, -293883.3750]], grad_fn=<SliceBackward>)\n",
      "rescaledSDDD torch.Size([3, 3])\n",
      "tensor([[  25058.7852,  -28171.2793,  -21391.5938],\n",
      "        [ -28171.2676, -701188.1875, -393355.3750],\n",
      "        [ -21391.5938, -393355.3750, -293883.3750]], grad_fn=<SliceBackward>)\n",
      "tensor([[7853857.5000,  -28171.2812,  -21391.5938],\n",
      "        [ -28171.2676,  394628.0625, -393355.3750],\n",
      "        [ -21391.5938, -393355.3750,  394177.8750]], grad_fn=<SliceBackward>)\n",
      "guide:end\n",
      "model:begin tensor(6.3715) True\n",
      "model y tensor(6.3715) torch.Size([5, 3, 2]) tensor([[ 17.8256, 300.1744],\n",
      "        [160.1322, 161.8678]], grad_fn=<SliceBackward>)\n",
      "model:end\n",
      "scale tensor(6.6595)\n",
      "svi.step(... 2 tensor(6.6595)\n",
      "guide:begin tensor(6.6595) True\n",
      "sizes [torch.Size([1]), torch.Size([2, 1]), torch.Size([2]), torch.Size([3, 2])]\n",
      "model:begin tensor(6.6595) True\n",
      "model y tensor(6.6595) torch.Size([5, 3, 2]) tensor([[154.5073, 154.4927],\n",
      "        [214.1199, 207.8801]], grad_fn=<SliceBackward>)\n",
      "model:end\n",
      "lp:  tensor(-31845.9668, grad_fn=<AddBackward0>) 361\n",
      "calc_lls\n",
      "rescaledSDDD torch.Size([8, 8])\n",
      "tensor([[ 0.0000e+00,  2.4899e-06, -9.9495e-01,  9.9495e-01],\n",
      "        [ 2.4899e-06,  1.4392e-04, -1.7282e-03,  1.7282e-03],\n",
      "        [-9.9495e-01, -1.7282e-03,  8.4787e+01, -7.7248e+01],\n",
      "        [ 9.9495e-01,  1.7282e-03, -7.7248e+01,  8.4787e+01]],\n",
      "       grad_fn=<SliceBackward>)\n",
      "tensor([[ 3.9478e-01,  2.4899e-06, -9.9495e-01,  9.9495e-01],\n",
      "        [ 2.4899e-06,  4.2531e-03, -1.7282e-03,  1.7282e-03],\n",
      "        [-9.9495e-01, -1.7282e-03,  8.8590e+01, -7.7248e+01],\n",
      "        [ 9.9495e-01,  1.7282e-03, -7.7248e+01,  8.8589e+01]],\n",
      "       grad_fn=<SliceBackward>)\n",
      "example:\n",
      "tensor([[ 0.0000e+00,  1.6581e-05, -6.6259e+00,  6.6259e+00],\n",
      "        [ 1.6581e-05,  9.5847e-04, -1.1509e-02,  1.1509e-02],\n",
      "        [-6.6259e+00, -1.1509e-02,  5.6464e+02, -5.1444e+02],\n",
      "        [ 6.6259e+00,  1.1509e-02, -5.1444e+02,  5.6464e+02]],\n",
      "       grad_fn=<SliceBackward>)\n",
      "tensor([[ 2.6290e+00,  1.6581e-05, -6.6259e+00,  6.6259e+00],\n",
      "        [ 1.6581e-05,  2.8323e-02, -1.1509e-02,  1.1509e-02],\n",
      "        [-6.6259e+00, -1.1509e-02,  5.8996e+02, -5.1444e+02],\n",
      "        [ 6.6259e+00,  1.1509e-02, -5.1444e+02,  5.8996e+02]],\n",
      "       grad_fn=<SliceBackward>)\n",
      "marginal\n",
      "tensor([[ 45960.0547, -10135.2432,  -4975.3164],\n",
      "        [-10135.2432,  30608.6016,  20371.9219],\n",
      "        [ -4975.3164,  20371.9219,  35768.5273]], grad_fn=<SliceBackward>)\n",
      "tensor([[  28720.0469,  -16974.8477,   -7384.2192],\n",
      "        [ -16974.8516,  -84570.3516, -188059.7188],\n",
      "        [  -7384.2305, -188059.7188, -383156.0000]], grad_fn=<SliceBackward>)\n",
      "rescaledSDDD torch.Size([3, 3])\n",
      "tensor([[  28720.0469,  -16974.8477,   -7384.2192],\n",
      "        [ -16974.8516,  -84570.3516, -188059.7188],\n",
      "        [  -7384.2305, -188059.7188, -383156.0000]], grad_fn=<SliceBackward>)\n",
      "tensor([[4132512.2500,  -16974.8477,   -7384.2188],\n",
      "        [ -16974.8516,  188432.6875, -188059.7188],\n",
      "        [  -7384.2305, -188059.7188,  188674.6250]], grad_fn=<SliceBackward>)\n",
      "guide:end\n",
      "model:begin tensor(6.6595) True\n",
      "model y tensor(6.6595) torch.Size([5, 3, 2]) tensor([[154.2879, 154.7121],\n",
      "        [ 47.7321, 374.2679]], grad_fn=<SliceBackward>)\n",
      "model:end\n",
      "scale tensor(5.4732)\n",
      "svi.step(... 3 tensor(5.4732)\n",
      "guide:begin tensor(5.4732) True\n",
      "sizes [torch.Size([1]), torch.Size([2, 1]), torch.Size([2]), torch.Size([3, 2])]\n",
      "model:begin tensor(5.4732) True\n",
      "model y tensor(5.4732) torch.Size([5, 3, 2]) tensor([[151.7691, 152.2309],\n",
      "        [265.2303, 256.7697]], grad_fn=<SliceBackward>)\n",
      "model:end\n",
      "lp:  tensor(-31839.7168, grad_fn=<AddBackward0>) 361\n",
      "calc_lls\n",
      "rescaledSDDD torch.Size([8, 8])\n",
      "tensor([[ 0.0000e+00, -5.8146e-06, -9.9442e-01,  9.9442e-01],\n",
      "        [-5.8146e-06,  1.2342e-04, -1.9439e-03,  1.9439e-03],\n",
      "        [-9.9442e-01, -1.9439e-03,  8.3612e+01, -7.5998e+01],\n",
      "        [ 9.9442e-01,  1.9439e-03, -7.5998e+01,  8.3612e+01]],\n",
      "       grad_fn=<SliceBackward>)\n",
      "tensor([[ 3.7251e-01, -5.8146e-06, -9.9442e-01,  9.9442e-01],\n",
      "        [-5.8146e-06,  3.4736e-03, -1.9439e-03,  1.9439e-03],\n",
      "        [-9.9442e-01, -1.9439e-03,  8.7528e+01, -7.5998e+01],\n",
      "        [ 9.9442e-01,  1.9439e-03, -7.5998e+01,  8.7528e+01]],\n",
      "       grad_fn=<SliceBackward>)\n",
      "example:\n",
      "tensor([[ 0.0000e+00, -3.1825e-05, -5.4427e+00,  5.4427e+00],\n",
      "        [-3.1825e-05,  6.7549e-04, -1.0640e-02,  1.0640e-02],\n",
      "        [-5.4427e+00, -1.0640e-02,  4.5763e+02, -4.1595e+02],\n",
      "        [ 5.4427e+00,  1.0640e-02, -4.1595e+02,  4.5763e+02]],\n",
      "       grad_fn=<SliceBackward>)\n",
      "tensor([[ 2.0388e+00, -3.1825e-05, -5.4427e+00,  5.4427e+00],\n",
      "        [-3.1825e-05,  1.9012e-02, -1.0640e-02,  1.0640e-02],\n",
      "        [-5.4427e+00, -1.0640e-02,  4.7906e+02, -4.1595e+02],\n",
      "        [ 5.4427e+00,  1.0640e-02, -4.1595e+02,  4.7906e+02]],\n",
      "       grad_fn=<SliceBackward>)\n",
      "marginal\n",
      "tensor([[ 45953.4219, -13965.7812,  -6893.0312],\n",
      "        [-13965.7812,  30606.1133,  22285.9473],\n",
      "        [ -6893.0312,  22285.9473,  37678.8633]], grad_fn=<SliceBackward>)\n",
      "tensor([[  29786.9902,  -19461.2070,  -10931.0752],\n",
      "        [ -19461.2109,  -75337.8438, -171754.6562],\n",
      "        [ -10931.0781, -171754.6719, -354130.8750]], grad_fn=<SliceBackward>)\n",
      "rescaledSDDD torch.Size([3, 3])\n",
      "tensor([[  29786.9902,  -19461.2070,  -10931.0752],\n",
      "        [ -19461.2109,  -75337.8438, -171754.6562],\n",
      "        [ -10931.0781, -171754.6719, -354130.8750]], grad_fn=<SliceBackward>)\n",
      "tensor([[5250885.5000,  -19461.2070,  -10931.0752],\n",
      "        [ -19461.2109,  172114.6250, -171754.6562],\n",
      "        [ -10931.0781, -171754.6719,  172344.0000]], grad_fn=<SliceBackward>)\n",
      "guide:end\n",
      "model:begin tensor(5.4732) True\n",
      "model y tensor(5.4732) torch.Size([5, 3, 2]) tensor([[152.7301, 151.2699],\n",
      "        [376.9191, 145.0809]], grad_fn=<SliceBackward>)\n",
      "model:end\n"
     ]
    },
    {
     "name": "stdout",
     "output_type": "stream",
     "text": [
      "scale tensor(5.6676)\n",
      "svi.step(... 4 tensor(5.6676)\n",
      "guide:begin tensor(5.6676) True\n",
      "sizes [torch.Size([1]), torch.Size([2, 1]), torch.Size([2]), torch.Size([3, 2])]\n",
      "model:begin tensor(5.6676) True\n",
      "model y tensor(5.6676) torch.Size([5, 3, 2]) tensor([[153.3523, 149.6477],\n",
      "        [320.9803, 301.0197]], grad_fn=<SliceBackward>)\n",
      "model:end\n",
      "lp:  tensor(-31838.8652, grad_fn=<AddBackward0>) 361\n",
      "calc_lls\n",
      "rescaledSDDD torch.Size([8, 8])\n",
      "tensor([[ 9.2770e-05, -8.0276e-05, -9.8990e-01,  9.8990e-01],\n",
      "        [-8.0276e-05,  0.0000e+00,  0.0000e+00,  0.0000e+00],\n",
      "        [-9.8990e-01,  0.0000e+00,  8.3441e+01, -7.5750e+01],\n",
      "        [ 9.8990e-01,  0.0000e+00, -7.5750e+01,  8.3441e+01]],\n",
      "       grad_fn=<SliceBackward>)\n",
      "tensor([[ 3.3447e-03, -8.0276e-05, -9.8990e-01,  9.8990e-01],\n",
      "        [-8.0276e-05,  3.0241e-01,  0.0000e+00,  0.0000e+00],\n",
      "        [-9.8990e-01,  0.0000e+00,  1.0163e+03, -7.5750e+01],\n",
      "        [ 9.8990e-01,  0.0000e+00, -7.5750e+01,  1.0163e+03]],\n",
      "       grad_fn=<SliceBackward>)\n",
      "example:\n",
      "tensor([[ 5.2578e-04, -4.5497e-04, -5.6103e+00,  5.6103e+00],\n",
      "        [-4.5497e-04,  0.0000e+00,  0.0000e+00,  0.0000e+00],\n",
      "        [-5.6103e+00,  0.0000e+00,  4.7291e+02, -4.2932e+02],\n",
      "        [ 5.6103e+00,  0.0000e+00, -4.2932e+02,  4.7291e+02]],\n",
      "       grad_fn=<SliceBackward>)\n",
      "tensor([[ 1.8956e-02, -4.5497e-04, -5.6103e+00,  5.6103e+00],\n",
      "        [-4.5497e-04,  1.7139e+00,  0.0000e+00,  0.0000e+00],\n",
      "        [-5.6103e+00,  0.0000e+00,  5.7600e+03, -4.2932e+02],\n",
      "        [ 5.6103e+00,  0.0000e+00, -4.2932e+02,  5.7600e+03]],\n",
      "       grad_fn=<SliceBackward>)\n",
      "marginal\n",
      "tensor([[ 45954.3438, -13249.1191,  -6566.2520],\n",
      "        [-13249.1191,  30628.0703,  21938.5957],\n",
      "        [ -6566.2520,  21938.5957,  37310.9375]], grad_fn=<SliceBackward>)\n",
      "tensor([[  24530.6602,  -26936.8867,  -21481.4883],\n",
      "        [ -26936.8672, -387074.2500, -202252.6719],\n",
      "        [ -21481.4707, -202252.6250, -129796.8750]], grad_fn=<SliceBackward>)\n",
      "rescaledSDDD torch.Size([3, 3])\n",
      "tensor([[  24530.6602,  -26936.8867,  -21481.4883],\n",
      "        [ -26936.8672, -387074.2500, -202252.6719],\n",
      "        [ -21481.4707, -202252.6250, -129796.8750]], grad_fn=<SliceBackward>)\n",
      "tensor([[7591215.0000,  -26936.8887,  -21481.4883],\n",
      "        [ -26936.8672,  203014.1875, -202252.6719],\n",
      "        [ -21481.4707, -202252.6250,  202721.9688]], grad_fn=<SliceBackward>)\n",
      "guide:end\n",
      "model:begin tensor(5.6676) True\n",
      "model y tensor(5.6676) torch.Size([5, 3, 2]) tensor([[ 64.2321, 238.7679],\n",
      "        [319.0377, 302.9623]], grad_fn=<SliceBackward>)\n",
      "model:end\n",
      "scale tensor(5.8762)\n",
      "svi.step(... 5 tensor(5.8762)\n",
      "guide:begin tensor(5.8762) True\n",
      "sizes [torch.Size([1]), torch.Size([2, 1]), torch.Size([2]), torch.Size([3, 2])]\n",
      "model:begin tensor(5.8762) True\n",
      "model y tensor(5.8762) torch.Size([5, 3, 2]) tensor([[143.2753, 154.7247],\n",
      "        [354.8916, 367.1084]], grad_fn=<SliceBackward>)\n",
      "model:end\n",
      "lp:  tensor(-31836.4941, grad_fn=<AddBackward0>) 361\n",
      "calc_lls\n",
      "rescaledSDDD torch.Size([8, 8])\n",
      "tensor([[ 2.0818e-04, -4.1179e-05, -9.8430e-01,  9.8430e-01],\n",
      "        [-4.1179e-05,  0.0000e+00,  0.0000e+00,  0.0000e+00],\n",
      "        [-9.8430e-01,  0.0000e+00,  8.2217e+01, -7.4449e+01],\n",
      "        [ 9.8430e-01,  0.0000e+00, -7.4449e+01,  8.2217e+01]],\n",
      "       grad_fn=<SliceBackward>)\n",
      "tensor([[ 4.8246e-03, -4.1179e-05, -9.8430e-01,  9.8430e-01],\n",
      "        [-4.1179e-05,  2.7345e-01,  0.0000e+00,  0.0000e+00],\n",
      "        [-9.8430e-01,  0.0000e+00,  6.9443e+02, -7.4449e+01],\n",
      "        [ 9.8430e-01,  0.0000e+00, -7.4449e+01,  6.9443e+02]],\n",
      "       grad_fn=<SliceBackward>)\n",
      "example:\n",
      "tensor([[ 1.2233e-03, -2.4198e-04, -5.7840e+00,  5.7840e+00],\n",
      "        [-2.4198e-04,  0.0000e+00,  0.0000e+00,  0.0000e+00],\n",
      "        [-5.7840e+00,  0.0000e+00,  4.8313e+02, -4.3748e+02],\n",
      "        [ 5.7840e+00,  0.0000e+00, -4.3748e+02,  4.8313e+02]],\n",
      "       grad_fn=<SliceBackward>)\n",
      "tensor([[ 2.8351e-02, -2.4198e-04, -5.7840e+00,  5.7840e+00],\n",
      "        [-2.4198e-04,  1.6068e+00,  0.0000e+00,  0.0000e+00],\n",
      "        [-5.7840e+00,  0.0000e+00,  4.0807e+03, -4.3748e+02],\n",
      "        [ 5.7840e+00,  0.0000e+00, -4.3748e+02,  4.0807e+03]],\n",
      "       grad_fn=<SliceBackward>)\n",
      "marginal\n",
      "tensor([[ 45954.2891, -12528.3350,  -6239.4727],\n",
      "        [-12528.3350,  30650.7500,  21589.5430],\n",
      "        [ -6239.4727,  21589.5430,  36939.6133]], grad_fn=<SliceBackward>)\n",
      "tensor([[  22920.8457,  -16842.9668,  -18378.9297],\n",
      "        [ -16842.9727, -214108.0625,  -98827.4375],\n",
      "        [ -18378.9258,  -98827.4375,  -38824.8320]], grad_fn=<SliceBackward>)\n",
      "rescaledSDDD torch.Size([3, 3])\n",
      "tensor([[  22920.8457,  -16842.9668,  -18378.9297],\n",
      "        [ -16842.9727, -214108.0625,  -98827.4375],\n",
      "        [ -18378.9258,  -98827.4375,  -38824.8320]], grad_fn=<SliceBackward>)\n",
      "tensor([[5337999.0000,  -16842.9668,  -18378.9297],\n",
      "        [ -16842.9727,   99251.7500,  -98827.4375],\n",
      "        [ -18378.9258,  -98827.4375,   99086.6406]], grad_fn=<SliceBackward>)\n",
      "guide:end\n",
      "model:begin tensor(5.8762) True\n",
      "model y tensor(5.8762) torch.Size([5, 3, 2]) tensor([[125.9183, 172.0817],\n",
      "        [354.0480, 367.9520]], grad_fn=<SliceBackward>)\n",
      "model:end\n",
      "scale tensor(6.1139)\n",
      "svi.step(... 6 tensor(6.1139)\n",
      "guide:begin tensor(6.1139) True\n",
      "sizes [torch.Size([1]), torch.Size([2, 1]), torch.Size([2]), torch.Size([3, 2])]\n",
      "model:begin tensor(6.1139) True\n",
      "model y tensor(6.1139) torch.Size([5, 3, 2]) tensor([[159.2534, 163.7466],\n",
      "        [111.9764, 110.0236]], grad_fn=<SliceBackward>)\n",
      "model:end\n",
      "lp:  tensor(-31822.3301, grad_fn=<AddBackward0>) 361\n",
      "calc_lls\n",
      "rescaledSDDD torch.Size([8, 8])\n",
      "tensor([[ 0.0000e+00, -1.6510e-04, -9.9410e-01,  9.9410e-01],\n",
      "        [-1.6510e-04,  7.2477e-05, -7.8815e-03,  7.8815e-03],\n",
      "        [-9.9410e-01, -7.8815e-03,  8.8579e+01, -8.0733e+01],\n",
      "        [ 9.9410e-01,  7.8815e-03, -8.0733e+01,  8.8579e+01]],\n",
      "       grad_fn=<SliceBackward>)\n",
      "tensor([[ 5.6769e-01, -1.6510e-04, -9.9410e-01,  9.9410e-01],\n",
      "        [-1.6510e-04,  4.9200e-03, -7.8815e-03,  7.8815e-03],\n",
      "        [-9.9410e-01, -7.8815e-03,  9.9683e+01, -8.0733e+01],\n",
      "        [ 9.9410e-01,  7.8815e-03, -8.0733e+01,  9.9683e+01]],\n",
      "       grad_fn=<SliceBackward>)\n",
      "example:\n",
      "tensor([[ 0.0000e+00, -1.0094e-03, -6.0778e+00,  6.0778e+00],\n",
      "        [-1.0094e-03,  4.4311e-04, -4.8186e-02,  4.8186e-02],\n",
      "        [-6.0778e+00, -4.8186e-02,  5.4156e+02, -4.9359e+02],\n",
      "        [ 6.0778e+00,  4.8186e-02, -4.9359e+02,  5.4156e+02]],\n",
      "       grad_fn=<SliceBackward>)\n",
      "tensor([[ 3.4708e+00, -1.0094e-03, -6.0778e+00,  6.0778e+00],\n",
      "        [-1.0094e-03,  3.0080e-02, -4.8186e-02,  4.8186e-02],\n",
      "        [-6.0778e+00, -4.8186e-02,  6.0945e+02, -4.9359e+02],\n",
      "        [ 6.0778e+00,  4.8186e-02, -4.9359e+02,  6.0945e+02]],\n",
      "       grad_fn=<SliceBackward>)\n",
      "marginal\n",
      "tensor([[ 45944.9062, -11826.2686,  -5873.8340],\n",
      "        [-11826.2686,  30635.0723,  21230.6699],\n",
      "        [ -5873.8340,  21230.6699,  36587.5078]], grad_fn=<SliceBackward>)\n",
      "tensor([[  21991.6270,  -15142.9082,  -12587.7861],\n",
      "        [ -15142.9062, -175542.5156, -144069.9375],\n",
      "        [ -12587.7812, -144069.9375, -187036.7188]], grad_fn=<SliceBackward>)\n",
      "rescaledSDDD torch.Size([3, 3])\n",
      "tensor([[  21991.6270,  -15142.9082,  -12587.7861],\n",
      "        [ -15142.9062, -175542.5156, -144069.9375],\n",
      "        [ -12587.7812, -144069.9375, -187036.7188]], grad_fn=<SliceBackward>)\n",
      "tensor([[4116648.7500,  -15142.9082,  -12587.7861],\n",
      "        [ -15142.9062,  144491.7656, -144069.9375],\n",
      "        [ -12587.7812, -144069.9375,  144486.0938]], grad_fn=<SliceBackward>)\n",
      "guide:end\n",
      "model:begin tensor(6.1139) True\n",
      "model y tensor(6.1139) torch.Size([5, 3, 2]) tensor([[160.3645, 162.6355],\n",
      "        [ 52.9036, 169.0964]], grad_fn=<SliceBackward>)\n",
      "model:end\n",
      "scale tensor(6.3715)\n",
      "svi.step(... 7 tensor(6.3715)\n",
      "guide:begin tensor(6.3715) True\n",
      "sizes [torch.Size([1]), torch.Size([2, 1]), torch.Size([2]), torch.Size([3, 2])]\n",
      "model:begin tensor(6.3715) True\n",
      "model y tensor(6.3715) torch.Size([5, 3, 2]) tensor([[155.7777, 162.2223],\n",
      "        [161.2485, 160.7515]], grad_fn=<SliceBackward>)\n",
      "model:end\n",
      "lp:  tensor(-31843.3184, grad_fn=<AddBackward0>) 361\n",
      "calc_lls\n",
      "rescaledSDDD torch.Size([8, 8])\n",
      "tensor([[ 2.5085e-04, -1.0678e-05, -9.8586e-01,  9.8586e-01],\n",
      "        [-1.0678e-05,  0.0000e+00,  0.0000e+00,  0.0000e+00],\n",
      "        [-9.8586e-01,  0.0000e+00,  8.7398e+01, -7.9473e+01],\n",
      "        [ 9.8586e-01,  0.0000e+00, -7.9473e+01,  8.7398e+01]],\n",
      "       grad_fn=<SliceBackward>)\n",
      "tensor([[ 6.6784e-03, -1.0678e-05, -9.8586e-01,  9.8586e-01],\n",
      "        [-1.0678e-05,  4.3228e-01,  0.0000e+00,  0.0000e+00],\n",
      "        [-9.8586e-01,  0.0000e+00,  6.6281e+02, -7.9473e+01],\n",
      "        [ 9.8586e-01,  0.0000e+00, -7.9473e+01,  6.6281e+02]],\n",
      "       grad_fn=<SliceBackward>)\n",
      "example:\n",
      "tensor([[ 1.5983e-03, -6.8033e-05, -6.2814e+00,  6.2814e+00],\n",
      "        [-6.8033e-05,  0.0000e+00,  0.0000e+00,  0.0000e+00],\n",
      "        [-6.2814e+00,  0.0000e+00,  5.5685e+02, -5.0636e+02],\n",
      "        [ 6.2814e+00,  0.0000e+00, -5.0636e+02,  5.5685e+02]],\n",
      "       grad_fn=<SliceBackward>)\n",
      "tensor([[ 4.2551e-02, -6.8033e-05, -6.2814e+00,  6.2814e+00],\n",
      "        [-6.8033e-05,  2.7543e+00,  0.0000e+00,  0.0000e+00],\n",
      "        [-6.2814e+00,  0.0000e+00,  4.2231e+03, -5.0636e+02],\n",
      "        [ 6.2814e+00,  0.0000e+00, -5.0636e+02,  4.2231e+03]],\n",
      "       grad_fn=<SliceBackward>)\n",
      "marginal\n",
      "tensor([[ 45960.5859, -11012.1279,  -5454.1982],\n",
      "        [-11012.1279,  30637.4648,  20824.7969],\n",
      "        [ -5454.1982,  20824.7969,  36195.3945]], grad_fn=<SliceBackward>)\n",
      "tensor([[  22168.5273,  -11931.0508,  -15657.5078],\n",
      "        [ -11931.0332, -174719.9062,  -81546.0469],\n",
      "        [ -15657.4844,  -81546.0469,  -31637.7070]], grad_fn=<SliceBackward>)\n",
      "rescaledSDDD torch.Size([3, 3])\n",
      "tensor([[  22168.5273,  -11931.0508,  -15657.5078],\n",
      "        [ -11931.0332, -174719.9062,  -81546.0469],\n",
      "        [ -15657.4844,  -81546.0469,  -31637.7070]], grad_fn=<SliceBackward>)\n",
      "tensor([[4111988.5000,  -11931.0508,  -15657.5078],\n",
      "        [ -11931.0332,   81882.5625,  -81546.0469],\n",
      "        [ -15657.4844,  -81546.0469,   81764.5312]], grad_fn=<SliceBackward>)\n",
      "guide:end\n",
      "model:begin tensor(6.3715) True\n",
      "model y tensor(6.3715) torch.Size([5, 3, 2]) tensor([[103.7811, 214.2189],\n",
      "        [160.3752, 161.6248]], grad_fn=<SliceBackward>)\n",
      "model:end\n"
     ]
    },
    {
     "name": "stdout",
     "output_type": "stream",
     "text": [
      "scale tensor(6.6595)\n",
      "svi.step(... 8 tensor(6.6595)\n",
      "guide:begin tensor(6.6595) True\n",
      "sizes [torch.Size([1]), torch.Size([2, 1]), torch.Size([2]), torch.Size([3, 2])]\n",
      "model:begin tensor(6.6595) True\n",
      "model y tensor(6.6595) torch.Size([5, 3, 2]) tensor([[152.5838, 156.4162],\n",
      "        [212.8277, 209.1723]], grad_fn=<SliceBackward>)\n",
      "model:end\n",
      "lp:  tensor(-31838.7812, grad_fn=<AddBackward0>) 361\n",
      "calc_lls\n",
      "rescaledSDDD torch.Size([8, 8])\n",
      "tensor([[ 3.0448e-04,  1.8920e-05, -9.8292e-01,  9.8292e-01],\n",
      "        [ 1.8920e-05,  0.0000e+00,  0.0000e+00,  0.0000e+00],\n",
      "        [-9.8292e-01,  0.0000e+00,  8.5235e+01, -7.7230e+01],\n",
      "        [ 9.8292e-01,  0.0000e+00, -7.7230e+01,  8.5235e+01]],\n",
      "       grad_fn=<SliceBackward>)\n",
      "tensor([[ 6.6331e-03,  1.8920e-05, -9.8292e-01,  9.8292e-01],\n",
      "        [ 1.8920e-05,  3.6469e-01,  0.0000e+00,  0.0000e+00],\n",
      "        [-9.8292e-01,  0.0000e+00,  5.9863e+02, -7.7230e+01],\n",
      "        [ 9.8292e-01,  0.0000e+00, -7.7230e+01,  5.9863e+02]],\n",
      "       grad_fn=<SliceBackward>)\n",
      "example:\n",
      "tensor([[ 2.0277e-03,  1.2600e-04, -6.5458e+00,  6.5458e+00],\n",
      "        [ 1.2600e-04,  0.0000e+00,  0.0000e+00,  0.0000e+00],\n",
      "        [-6.5458e+00,  0.0000e+00,  5.6762e+02, -5.1432e+02],\n",
      "        [ 6.5458e+00,  0.0000e+00, -5.1432e+02,  5.6762e+02]],\n",
      "       grad_fn=<SliceBackward>)\n",
      "tensor([[ 4.4173e-02,  1.2600e-04, -6.5458e+00,  6.5458e+00],\n",
      "        [ 1.2600e-04,  2.4287e+00,  0.0000e+00,  0.0000e+00],\n",
      "        [-6.5458e+00,  0.0000e+00,  3.9866e+03, -5.1432e+02],\n",
      "        [ 6.5458e+00,  0.0000e+00, -5.1432e+02,  3.9866e+03]],\n",
      "       grad_fn=<SliceBackward>)\n",
      "marginal\n",
      "tensor([[ 45958.3906, -10137.2598,  -4973.8955],\n",
      "        [-10137.2598,  30607.7422,  20372.5020],\n",
      "        [ -4973.8955,  20372.5020,  35771.1055]], grad_fn=<SliceBackward>)\n",
      "tensor([[  22002.8926,  -10915.3750,  -15158.4902],\n",
      "        [ -10915.3789, -146716.0938,  -68012.7734],\n",
      "        [ -15158.4873,  -68012.7656,  -25191.5273]], grad_fn=<SliceBackward>)\n",
      "rescaledSDDD torch.Size([3, 3])\n",
      "tensor([[  22002.8926,  -10915.3750,  -15158.4902],\n",
      "        [ -10915.3789, -146716.0938,  -68012.7734],\n",
      "        [ -15158.4873,  -68012.7656,  -25191.5273]], grad_fn=<SliceBackward>)\n",
      "tensor([[3871692.0000,  -10915.3750,  -15158.4912],\n",
      "        [ -10915.3789,   68301.1875,  -68012.7734],\n",
      "        [ -15158.4873,  -68012.7656,   68208.2812]], grad_fn=<SliceBackward>)\n",
      "guide:end\n",
      "model:begin tensor(6.6595) True\n",
      "model y tensor(6.6595) torch.Size([5, 3, 2]) tensor([[282.7867,  26.2133],\n",
      "        [213.7792, 208.2208]], grad_fn=<SliceBackward>)\n",
      "model:end\n",
      "scale tensor(5.4732)\n",
      "svi.step(... 9 tensor(5.4732)\n",
      "guide:begin tensor(5.4732) True\n",
      "sizes [torch.Size([1]), torch.Size([2, 1]), torch.Size([2]), torch.Size([3, 2])]\n",
      "model:begin tensor(5.4732) True\n",
      "model y tensor(5.4732) torch.Size([5, 3, 2]) tensor([[149.9629, 154.0371],\n",
      "        [262.8376, 259.1624]], grad_fn=<SliceBackward>)\n",
      "model:end\n",
      "lp:  tensor(-31834.0449, grad_fn=<AddBackward0>) 361\n",
      "calc_lls\n",
      "rescaledSDDD torch.Size([8, 8])\n",
      "tensor([[ 3.1975e-04,  2.8661e-05, -9.8156e-01,  9.8156e-01],\n",
      "        [ 2.8661e-05,  0.0000e+00,  0.0000e+00,  0.0000e+00],\n",
      "        [-9.8156e-01,  0.0000e+00,  8.4063e+01, -7.5978e+01],\n",
      "        [ 9.8156e-01,  0.0000e+00, -7.5978e+01,  8.4063e+01]],\n",
      "       grad_fn=<SliceBackward>)\n",
      "tensor([[ 6.3871e-03,  2.8661e-05, -9.8156e-01,  9.8156e-01],\n",
      "        [ 2.8661e-05,  3.2356e-01,  0.0000e+00,  0.0000e+00],\n",
      "        [-9.8156e-01,  0.0000e+00,  5.8058e+02, -7.5978e+01],\n",
      "        [ 9.8156e-01,  0.0000e+00, -7.5978e+01,  5.8058e+02]],\n",
      "       grad_fn=<SliceBackward>)\n",
      "example:\n",
      "tensor([[ 1.7501e-03,  1.5687e-04, -5.3723e+00,  5.3723e+00],\n",
      "        [ 1.5687e-04,  0.0000e+00,  0.0000e+00,  0.0000e+00],\n",
      "        [-5.3723e+00,  0.0000e+00,  4.6010e+02, -4.1585e+02],\n",
      "        [ 5.3723e+00,  0.0000e+00, -4.1585e+02,  4.6010e+02]],\n",
      "       grad_fn=<SliceBackward>)\n",
      "tensor([[ 3.4958e-02,  1.5687e-04, -5.3723e+00,  5.3723e+00],\n",
      "        [ 1.5687e-04,  1.7709e+00,  0.0000e+00,  0.0000e+00],\n",
      "        [-5.3723e+00,  0.0000e+00,  3.1776e+03, -4.1585e+02],\n",
      "        [ 5.3723e+00,  0.0000e+00, -4.1585e+02,  3.1776e+03]],\n",
      "       grad_fn=<SliceBackward>)\n",
      "marginal\n",
      "tensor([[ 45952.3516, -13973.0098,  -6896.1074],\n",
      "        [-13973.0098,  30606.9277,  22289.9688],\n",
      "        [ -6896.1074,  22289.9688,  37683.8281]], grad_fn=<SliceBackward>)\n",
      "tensor([[  20903.2637,  -15663.5547,  -17151.9492],\n",
      "        [ -15663.5645, -102659.4453,  -43562.4531],\n",
      "        [ -17151.9609,  -43562.4688,  -12104.6836]], grad_fn=<SliceBackward>)\n",
      "rescaledSDDD torch.Size([3, 3])\n",
      "tensor([[  20903.2637,  -15663.5547,  -17151.9492],\n",
      "        [ -15663.5645, -102659.4453,  -43562.4531],\n",
      "        [ -17151.9609,  -43562.4688,  -12104.6836]], grad_fn=<SliceBackward>)\n",
      "tensor([[4749377.5000,  -15663.5547,  -17151.9492],\n",
      "        [ -15663.5645,   43817.1484,  -43562.4531],\n",
      "        [ -17151.9609,  -43562.4688,   43736.8984]], grad_fn=<SliceBackward>)\n",
      "guide:end\n",
      "model:begin tensor(5.4732) True\n",
      "model y tensor(5.4732) torch.Size([5, 3, 2]) tensor([[269.4061,  34.5939],\n",
      "        [263.5929, 258.4071]], grad_fn=<SliceBackward>)\n",
      "model:end\n",
      "scale tensor(5.6676)\n",
      "svi.step(... 10 tensor(5.6676)\n",
      "guide:begin tensor(5.6676) True\n",
      "sizes [torch.Size([1]), torch.Size([2, 1]), torch.Size([2]), torch.Size([3, 2])]\n",
      "model:begin tensor(5.6676) True\n",
      "model y tensor(5.6676) torch.Size([5, 3, 2]) tensor([[152.1326, 150.8674],\n",
      "        [318.4964, 303.5036]], grad_fn=<SliceBackward>)\n",
      "model:end\n",
      "lp:  tensor(-31833.2109, grad_fn=<AddBackward0>) 361\n",
      "calc_lls\n",
      "rescaledSDDD torch.Size([8, 8])\n",
      "tensor([[ 2.9543e-04,  2.1489e-05, -9.8202e-01,  9.8202e-01],\n",
      "        [ 2.1489e-05,  0.0000e+00,  0.0000e+00,  0.0000e+00],\n",
      "        [-9.8202e-01,  0.0000e+00,  8.3912e+01, -7.5746e+01],\n",
      "        [ 9.8202e-01,  0.0000e+00, -7.5746e+01,  8.3912e+01]],\n",
      "       grad_fn=<SliceBackward>)\n",
      "tensor([[ 5.8702e-03,  2.1489e-05, -9.8202e-01,  9.8202e-01],\n",
      "        [ 2.1489e-05,  2.9374e-01,  0.0000e+00,  0.0000e+00],\n",
      "        [-9.8202e-01,  0.0000e+00,  6.0044e+02, -7.5746e+01],\n",
      "        [ 9.8202e-01,  0.0000e+00, -7.5746e+01,  6.0044e+02]],\n",
      "       grad_fn=<SliceBackward>)\n",
      "example:\n",
      "tensor([[ 1.6744e-03,  1.2179e-04, -5.5657e+00,  5.5657e+00],\n",
      "        [ 1.2179e-04,  0.0000e+00,  0.0000e+00,  0.0000e+00],\n",
      "        [-5.5657e+00,  0.0000e+00,  4.7558e+02, -4.2929e+02],\n",
      "        [ 5.5657e+00,  0.0000e+00, -4.2929e+02,  4.7558e+02]],\n",
      "       grad_fn=<SliceBackward>)\n",
      "tensor([[ 3.3270e-02,  1.2179e-04, -5.5657e+00,  5.5657e+00],\n",
      "        [ 1.2179e-04,  1.6648e+00,  0.0000e+00,  0.0000e+00],\n",
      "        [-5.5657e+00,  0.0000e+00,  3.4031e+03, -4.2929e+02],\n",
      "        [ 5.5657e+00,  0.0000e+00, -4.2929e+02,  3.4031e+03]],\n",
      "       grad_fn=<SliceBackward>)\n",
      "marginal\n",
      "tensor([[ 45953.5547, -13253.1924,  -6567.8652],\n",
      "        [-13253.1924,  30629.1699,  21941.1816],\n",
      "        [ -6567.8652,  21941.1816,  37314.4961]], grad_fn=<SliceBackward>)\n",
      "tensor([[  21218.5195,  -14848.4541,  -16859.1914],\n",
      "        [ -14848.4551, -121227.3594,  -53269.7422],\n",
      "        [ -16859.2031,  -53269.7422,  -17072.0039]], grad_fn=<SliceBackward>)\n",
      "rescaledSDDD torch.Size([3, 3])\n",
      "tensor([[  21218.5195,  -14848.4541,  -16859.1914],\n",
      "        [ -14848.4551, -121227.3594,  -53269.7422],\n",
      "        [ -16859.2031,  -53269.7422,  -17072.0039]], grad_fn=<SliceBackward>)\n",
      "tensor([[4623520.0000,  -14848.4541,  -16859.1914],\n",
      "        [ -14848.4551,   53546.2969,  -53269.7422],\n",
      "        [ -16859.2031,  -53269.7422,   53455.9570]], grad_fn=<SliceBackward>)\n",
      "ps2\n",
      "guide:end\n",
      "model:begin tensor(5.6676) True\n",
      "model y tensor(5.6676) torch.Size([5, 3, 2]) tensor([[231.5832,  71.4168],\n",
      "        [319.7036, 302.2964]], grad_fn=<SliceBackward>)\n",
      "model:end\n",
      "epoch 10 loss = 30965.484398961067; logsdrcstar = -1.0551334619522095;\n",
      " ercstar = tensor([[-0.0145],\n",
      "        [ 0.0049]], requires_grad=True)\n",
      "scale tensor(5.8762)\n",
      "svi.step(... 11 tensor(5.8762)\n",
      "guide:begin tensor(5.8762) True\n",
      "sizes [torch.Size([1]), torch.Size([2, 1]), torch.Size([2]), torch.Size([3, 2])]\n",
      "model:begin tensor(5.8762) True\n",
      "model y tensor(5.8762) torch.Size([5, 3, 2]) tensor([[142.6837, 155.3163],\n",
      "        [352.7497, 369.2503]], grad_fn=<SliceBackward>)\n",
      "model:end\n",
      "lp:  tensor(-31830.3633, grad_fn=<AddBackward0>) 361\n",
      "calc_lls\n",
      "rescaledSDDD torch.Size([8, 8])\n",
      "tensor([[ 3.2546e-04,  3.1496e-05, -9.8024e-01,  9.8024e-01],\n",
      "        [ 3.1496e-05,  0.0000e+00,  0.0000e+00,  0.0000e+00],\n",
      "        [-9.8024e-01,  0.0000e+00,  8.2676e+01, -7.4428e+01],\n",
      "        [ 9.8024e-01,  0.0000e+00, -7.4428e+01,  8.2676e+01]],\n",
      "       grad_fn=<SliceBackward>)\n",
      "tensor([[ 5.9607e-03,  3.1496e-05, -9.8024e-01,  9.8024e-01],\n",
      "        [ 3.1496e-05,  2.7143e-01,  0.0000e+00,  0.0000e+00],\n",
      "        [-9.8024e-01,  0.0000e+00,  5.6976e+02, -7.4428e+01],\n",
      "        [ 9.8024e-01,  0.0000e+00, -7.4428e+01,  5.6976e+02]],\n",
      "       grad_fn=<SliceBackward>)\n",
      "example:\n",
      "tensor([[ 1.9125e-03,  1.8508e-04, -5.7601e+00,  5.7601e+00],\n",
      "        [ 1.8508e-04,  0.0000e+00,  0.0000e+00,  0.0000e+00],\n",
      "        [-5.7601e+00,  0.0000e+00,  4.8582e+02, -4.3735e+02],\n",
      "        [ 5.7601e+00,  0.0000e+00, -4.3735e+02,  4.8582e+02]],\n",
      "       grad_fn=<SliceBackward>)\n",
      "tensor([[ 3.5026e-02,  1.8508e-04, -5.7601e+00,  5.7601e+00],\n",
      "        [ 1.8508e-04,  1.5950e+00,  0.0000e+00,  0.0000e+00],\n",
      "        [-5.7601e+00,  0.0000e+00,  3.3481e+03, -4.3735e+02],\n",
      "        [ 5.7601e+00,  0.0000e+00, -4.3735e+02,  3.3481e+03]],\n",
      "       grad_fn=<SliceBackward>)\n",
      "marginal\n",
      "tensor([[ 45952.8203, -12530.2637,  -6240.0146],\n",
      "        [-12530.2637,  30651.4180,  21590.8398],\n",
      "        [ -6240.0146,  21590.8398,  36941.6680]], grad_fn=<SliceBackward>)\n",
      "tensor([[  21380.5020,  -14034.8643,  -16542.1836],\n",
      "        [ -14034.8477, -122968.5625,  -54543.9961],\n",
      "        [ -16542.1641,  -54544.0117,  -17875.4336]], grad_fn=<SliceBackward>)\n",
      "rescaledSDDD torch.Size([3, 3])\n",
      "tensor([[  21380.5020,  -14034.8643,  -16542.1836],\n",
      "        [ -14034.8477, -122968.5625,  -54543.9961],\n",
      "        [ -16542.1641,  -54544.0117,  -17875.4336]], grad_fn=<SliceBackward>)\n",
      "tensor([[4475652.5000,  -14034.8643,  -16542.1836],\n",
      "        [ -14034.8477,   54817.5938,  -54543.9961],\n",
      "        [ -16542.1641,  -54544.0117,   54729.6992]], grad_fn=<SliceBackward>)\n",
      "guide:end\n",
      "model:begin tensor(5.8762) True\n",
      "model y tensor(5.8762) torch.Size([5, 3, 2]) tensor([[222.4097,  75.5903],\n",
      "        [353.3644, 368.6356]], grad_fn=<SliceBackward>)\n",
      "model:end\n"
     ]
    },
    {
     "name": "stdout",
     "output_type": "stream",
     "text": [
      "scale tensor(6.1139)\n",
      "svi.step(... 12 tensor(6.1139)\n",
      "guide:begin tensor(6.1139) True\n",
      "sizes [torch.Size([1]), torch.Size([2, 1]), torch.Size([2]), torch.Size([3, 2])]\n",
      "model:begin tensor(6.1139) True\n",
      "model y tensor(6.1139) torch.Size([5, 3, 2]) tensor([[159.3290, 163.6710],\n",
      "        [111.6269, 110.3731]], grad_fn=<SliceBackward>)\n",
      "model:end\n",
      "lp:  tensor(-31816.0430, grad_fn=<AddBackward0>) 361\n",
      "calc_lls\n",
      "rescaledSDDD torch.Size([8, 8])\n",
      "tensor([[ 7.6208e-04,  4.3934e-04, -9.7953e-01,  9.7953e-01],\n",
      "        [ 4.3934e-04,  1.1661e-04,  1.4314e-02, -1.4314e-02],\n",
      "        [-9.7953e-01,  1.4314e-02,  8.9058e+01, -8.0727e+01],\n",
      "        [ 9.7953e-01, -1.4314e-02, -8.0727e+01,  8.9058e+01]],\n",
      "       grad_fn=<SliceBackward>)\n",
      "tensor([[ 1.5829e-02,  4.3934e-04, -9.7953e-01,  9.7953e-01],\n",
      "        [ 4.3934e-04,  6.4006e-03,  1.4314e-02, -1.4314e-02],\n",
      "        [-9.7953e-01,  1.4314e-02,  4.2929e+02, -8.0727e+01],\n",
      "        [ 9.7953e-01, -1.4314e-02, -8.0727e+01,  4.2929e+02]],\n",
      "       grad_fn=<SliceBackward>)\n",
      "example:\n",
      "tensor([[ 4.6592e-03,  2.6861e-03, -5.9887e+00,  5.9887e+00],\n",
      "        [ 2.6861e-03,  7.1295e-04,  8.7517e-02, -8.7517e-02],\n",
      "        [-5.9887e+00,  8.7517e-02,  5.4449e+02, -4.9355e+02],\n",
      "        [ 5.9887e+00, -8.7517e-02, -4.9355e+02,  5.4449e+02]],\n",
      "       grad_fn=<SliceBackward>)\n",
      "tensor([[ 9.6775e-02,  2.6861e-03, -5.9887e+00,  5.9887e+00],\n",
      "        [ 2.6861e-03,  3.9132e-02,  8.7517e-02, -8.7517e-02],\n",
