{
 "cells": [
  {
   "cell_type": "markdown",
   "metadata": {},
   "source": [
    "# Quick intro\n",
    "\n",
    "This is a jupyter notebook for testing / coding. So far, each code block is a separate test; unlike an ordinary notebook, they are not meant to run sequentially.\n",
    "\n",
    "Let's do MCMC:\n"
   ]
  },
  {
   "cell_type": "markdown",
   "metadata": {},
   "source": [
    "Next, running \"ei\". This started out as a copy of Fritz's code but it's evolved into a working version of ours."
   ]
  },
  {
   "cell_type": "code",
   "execution_count": null,
   "metadata": {
    "scrolled": false
   },
   "outputs": [
    {
     "name": "stdout",
     "output_type": "stream",
     "text": [
      "base:Yes, I will run. line 5 1 :\n",
      "Reloading cmult...\n",
      "Reloading polytopize.\n",
      "Reloading polytopize.\n",
      "base:Yes, I will run. line 5 2 :\n",
      "Reloading polytopize.\n",
      "eiresults/scenario_SIG0.02_0_N2774.csv from file\n",
      "svi.step(... line 41 1 : 0 55.48 torch.Size([50, 9])\n",
      "guide:begin line 41 1 : 55.48 True\n",
      "types? line 100 1 : [torch.float64, torch.float64]\n",
      "types? line 100 2 : [torch.float64, torch.float64]\n",
      "types? line 100 3 : [torch.float64, torch.float64]\n",
      "sds: tensor(0.6021, grad_fn=<StdBackward0>) tensor(0.6079, grad_fn=<AddBackward0>) tensor(0.5651, grad_fn=<StdBackward0>)\n",
      "model:end line 41 1 :\n",
      "lp:  line 41 1 : tensor(-52960731.5229, grad_fn=<AddBackward0>) tensor(-1252.2648, grad_fn=<AddBackward0>) 780\n",
      "ps2\n",
      "guide:end line 41 1 :\n",
      "model:end line 41 2 :\n",
      " ecstar = tensor([-0.0050, -0.0050], grad_fn=<SliceBackward>)\n",
      "epoch 0 loss = 9.67E+08, mean_loss=9.67E+08;\n",
      " logitstar = tensor([[ 0.0000,  0.0000,  0.0000],\n",
      "        [ 0.0000,  0.0000,  0.0000],\n",
      "        [-0.0150, -0.0150,  0.0300]], grad_fn=<AddBackward0>)\n",
      "svi.step(... line 41 2 : 1 55.48 torch.Size([50, 9])\n",
      "guide:begin line 41 2 : 55.48 True\n",
      "types? line 100 4 : [torch.float64, torch.float64]\n",
      "types? line 100 5 : [torch.float64, torch.float64]\n",
      "types? line 100 6 : [torch.float64, torch.float64]\n",
      "model:end line 41 3 :\n",
      "lp:  line 41 2 : tensor(-41234373.8705, grad_fn=<AddBackward0>) tensor(-903.0924, grad_fn=<AddBackward0>) 780\n",
      "guide:end line 41 2 :\n",
      "model:end line 41 4 :\n",
      "svi.step(... line 41 3 : 2 55.48 torch.Size([50, 9])\n",
      "guide:begin line 41 3 : 55.48 True\n",
      "types? line 100 7 : [torch.float64, torch.float64]\n",
      "types? line 100 8 : [torch.float64, torch.float64]\n",
      "types? line 100 9 : [torch.float64, torch.float64]\n",
      "model:end line 41 5 :\n",
      "lp:  line 41 3 : tensor(-45928505.9402, grad_fn=<AddBackward0>) tensor(-840.5314, grad_fn=<AddBackward0>) 780\n",
      "guide:end line 41 3 :\n",
      "model:end line 41 6 :\n",
      "svi.step(... line 41 4 : 3 55.48 torch.Size([50, 9])\n",
      "guide:begin line 41 4 : 55.48 True\n",
      "types? line 100 10 : [torch.float64, torch.float64]\n",
      "model:end line 41 7 :\n",
      "lp:  line 41 4 : tensor(-43616921.4570, grad_fn=<AddBackward0>) tensor(-873.5910, grad_fn=<AddBackward0>) 780\n",
      "guide:end line 41 4 :\n",
      "model:end line 41 8 :\n",
      "svi.step(... line 41 5 : 4 55.48 torch.Size([50, 9])\n",
      "guide:begin line 41 5 : 55.48 True\n",
      "model:end line 41 9 :\n",
      "lp:  line 41 5 : tensor(-45612558.7981, grad_fn=<AddBackward0>) tensor(-935.6276, grad_fn=<AddBackward0>) 780\n",
      "guide:end line 41 5 :\n",
      "model:end line 41 10 :\n",
      "svi.step(... line 41 6 : 5 55.48 torch.Size([50, 9])\n",
      "guide:begin line 41 6 : 55.48 True\n",
      "types? line 100 16\n",
      "lp:  line 41 6 : tensor(-43939339.2605, grad_fn=<AddBackward0>) tensor(-904.2123, grad_fn=<AddBackward0>) 780\n",
      "guide:end line 41 6 :\n",
      "svi.step(... line 41 7 : 6 55.48 torch.Size([50, 9])\n",
      "guide:begin line 41 7 : 55.48 True\n",
      "lp:  line 41 7 : tensor(-42521263.4294, grad_fn=<AddBackward0>) tensor(-913.4019, grad_fn=<AddBackward0>) 780\n",
      "guide:end line 41 7 :\n",
      "svi.step(... line 41 8 : 7 55.48 torch.Size([50, 9])\n",
      "guide:begin line 41 8 : 55.48 True\n",
      "lp:  line 41 8 : tensor(-40798819.1930, grad_fn=<AddBackward0>) tensor(-860.0914, grad_fn=<AddBackward0>) 780\n",
      "guide:end line 41 8 :\n",
      "model:end line 41 16\n",
      "svi.step(... line 41 9 : 8 55.48 torch.Size([50, 9])\n",
      "guide:begin line 41 9 : 55.48 True\n",
      "lp:  line 41 9 : tensor(-46086698.2714, grad_fn=<AddBackward0>) tensor(-767.7908, grad_fn=<AddBackward0>) 780\n",
      "guide:end line 41 9 :\n",
      "svi.step(... line 41 10 : 9 55.48 torch.Size([50, 9])\n",
      "guide:begin line 41 10 : 55.48 True\n",
      "lp:  line 41 10 : tensor(-37731496.6335, grad_fn=<AddBackward0>) tensor(-740.0014, grad_fn=<AddBackward0>) 780\n",
      "guide:end line 41 10 :\n",
      "types? line 100 32\n",
      "sds: tensor(0.5268, grad_fn=<StdBackward0>) tensor(0.5311, grad_fn=<AddBackward0>) tensor(0.4857, grad_fn=<StdBackward0>)\n",
      "ps2\n",
      " ecstar = tensor([-0.0550, -0.0550], grad_fn=<SliceBackward>)\n",
      "epoch 10 loss = 8.59E+08, mean_loss=9.46E+08;\n",
      " logitstar = tensor([[-0.0751, -0.0569,  0.1321],\n",
      "        [-0.0751, -0.0514,  0.1265],\n",
      "        [-0.0147, -0.0567,  0.0714]], grad_fn=<AddBackward0>)\n",
      "svi.step(... line 41 16\n",
      "guide:begin line 41 16\n",
      "lp:  line 41 16\n",
      "guide:end line 41 16\n",
      "model:end line 41 32\n",
      "sds: tensor(0.5068, grad_fn=<StdBackward0>) tensor(0.5099, grad_fn=<AddBackward0>) tensor(0.4537, grad_fn=<StdBackward0>)\n",
      "ps2\n",
      " ecstar = tensor([-0.1050, -0.1050], grad_fn=<SliceBackward>)\n",
      "epoch 20 loss = 8.27E+08, mean_loss=9.30E+08;\n",
      " logitstar = tensor([[-0.1237, -0.1027,  0.2264],\n",
      "        [-0.1237, -0.0863,  0.2100],\n",
      "        [-0.0675, -0.1260,  0.1935]], grad_fn=<AddBackward0>)\n",
      "types? line 100 64\n",
      "sds: tensor(0.4606, grad_fn=<StdBackward0>) tensor(0.4621, grad_fn=<AddBackward0>) tensor(0.4082, grad_fn=<StdBackward0>)\n",
      "ps2\n",
      " ecstar = tensor([-0.1514, -0.1550], grad_fn=<SliceBackward>)\n",
      "epoch 30 loss = 8.42E+08, mean_loss=9.16E+08;\n",
      " logitstar = tensor([[-0.1768, -0.1515,  0.3284],\n",
      "        [-0.1768, -0.1255,  0.3023],\n",
      "        [-0.1005, -0.1880,  0.2885]], grad_fn=<AddBackward0>)\n",
      "svi.step(... line 41 32\n",
      "guide:begin line 41 32\n",
      "lp:  line 41 32\n",
      "guide:end line 41 32\n",
      "model:end line 41 64\n",
      "sds: tensor(0.4160, grad_fn=<StdBackward0>) tensor(0.4088, grad_fn=<AddBackward0>) tensor(0.3619, grad_fn=<StdBackward0>)\n",
      "ps2\n",
      " ecstar = tensor([-0.1970, -0.2050], grad_fn=<SliceBackward>)\n",
      "epoch 40 loss = 8.63E+08, mean_loss=9.03E+08;\n",
      " logitstar = tensor([[-0.2395, -0.2093,  0.4487],\n",
      "        [-0.2160, -0.1588,  0.3748],\n",
      "        [-0.1356, -0.2469,  0.3825]], grad_fn=<AddBackward0>)\n",
      "types? line 100 128\n",
      "sds: tensor(0.3758, grad_fn=<StdBackward0>) tensor(0.3588, grad_fn=<AddBackward0>) tensor(0.3156, grad_fn=<StdBackward0>)\n",
      "ps2\n",
      " ecstar = tensor([-0.2364, -0.2550], grad_fn=<SliceBackward>)\n",
      "epoch 50 loss = 8.04E+08, mean_loss=8.95E+08;\n",
      " logitstar = tensor([[-0.3109, -0.2827,  0.5936],\n",
      "        [-0.2365, -0.1844,  0.4209],\n",
      "        [-0.1619, -0.2979,  0.4598]], grad_fn=<AddBackward0>)\n",
      "sds: tensor(0.3267, grad_fn=<StdBackward0>) tensor(0.3148, grad_fn=<AddBackward0>) tensor(0.2734, grad_fn=<StdBackward0>)\n",
      "ps2\n",
      " ecstar = tensor([-0.2242, -0.3050], grad_fn=<SliceBackward>)\n",
      "epoch 60 loss = 9.95E+08, mean_loss=8.90E+08;\n",
      " logitstar = tensor([[-0.2971, -0.3685,  0.6656],\n",
      "        [-0.1858, -0.2036,  0.3895],\n",
      "        [-0.1896, -0.3429,  0.5325]], grad_fn=<AddBackward0>)\n",
      "svi.step(... line 41 64\n",
      "guide:begin line 41 64\n",
      "lp:  line 41 64\n",
      "guide:end line 41 64\n",
      "model:end line 41 128\n",
      "sds: tensor(0.3099, grad_fn=<StdBackward0>) tensor(0.2819, grad_fn=<AddBackward0>) tensor(0.2370, grad_fn=<StdBackward0>)\n",
      "ps2\n",
      " ecstar = tensor([-0.1873, -0.3550], grad_fn=<SliceBackward>)\n",
      "epoch 70 loss = 8.91E+08, mean_loss=8.79E+08;\n",
      " logitstar = tensor([[-0.2572, -0.4636,  0.7208],\n",
      "        [-0.1040, -0.2138,  0.3179],\n",
      "        [-0.2008, -0.3876,  0.5884]], grad_fn=<AddBackward0>)\n",
      "sds: tensor(0.2586, grad_fn=<StdBackward0>) tensor(0.2398, grad_fn=<AddBackward0>) tensor(0.2051, grad_fn=<StdBackward0>)\n",
      "ps2\n",
      " ecstar = tensor([-0.1419, -0.4050], grad_fn=<SliceBackward>)\n",
      "epoch 80 loss = 8.19E+08, mean_loss=8.67E+08;\n",
      " logitstar = tensor([[-0.2416, -0.5618,  0.8035],\n",
      "        [-0.0159, -0.2212,  0.2371],\n",
      "        [-0.1683, -0.4319,  0.6003]], grad_fn=<AddBackward0>)\n",
      "types? line 100 256\n",
      "sds: tensor(0.2218, grad_fn=<StdBackward0>) tensor(0.1997, grad_fn=<AddBackward0>) tensor(0.1684, grad_fn=<StdBackward0>)\n",
      "ps2\n",
      " ecstar = tensor([-0.0996, -0.4493], grad_fn=<SliceBackward>)\n",
      "epoch 90 loss = 7.51E+08, mean_loss=8.57E+08;\n",
      " logitstar = tensor([[-0.2250, -0.6555,  0.8805],\n",
      "        [ 0.0739, -0.2181,  0.1442],\n",
      "        [-0.1479, -0.4743,  0.6222]], grad_fn=<AddBackward0>)\n",
      "sds: tensor(0.1705, grad_fn=<StdBackward0>) tensor(0.1555, grad_fn=<AddBackward0>) tensor(0.1188, grad_fn=<StdBackward0>)\n",
      "ps2\n",
      " ecstar = tensor([-0.0527, -0.4717], grad_fn=<SliceBackward>)\n",
      "epoch 100 loss = 8.07E+08, mean_loss=8.42E+08;\n",
      " logitstar = tensor([[-0.1912, -0.7277,  0.9189],\n",
      "        [ 0.1699, -0.1914,  0.0214],\n",
      "        [-0.1369, -0.4960,  0.6329]], grad_fn=<AddBackward0>)\n",
      "sds: tensor(0.1714, grad_fn=<StdBackward0>) tensor(0.1457, grad_fn=<AddBackward0>) tensor(0.1075, grad_fn=<StdBackward0>)\n",
      "ps2\n",
      " ecstar = tensor([-0.0038, -0.4780], grad_fn=<SliceBackward>)\n",
      "epoch 110 loss = 7.46E+08, mean_loss=8.25E+08;\n",
      " logitstar = tensor([[-0.1622, -0.7840,  0.9462],\n",
      "        [ 0.2685, -0.1480, -0.1205],\n",
      "        [-0.1177, -0.5021,  0.6198]], grad_fn=<AddBackward0>)\n",
      "sds: tensor(0.1490, grad_fn=<StdBackward0>) tensor(0.1290, grad_fn=<AddBackward0>) tensor(0.0821, grad_fn=<StdBackward0>)\n",
      "ps2\n",
      " ecstar = tensor([ 0.0431, -0.4740], grad_fn=<SliceBackward>)\n",
      "epoch 120 loss = 7.01E+08, mean_loss=8.09E+08;\n",
      " logitstar = tensor([[-0.1445, -0.8299,  0.9744],\n",
      "        [ 0.3653, -0.0941, -0.2713],\n",
      "        [-0.0916, -0.4979,  0.5895]], grad_fn=<AddBackward0>)\n",
      "svi.step(... line 41 128\n",
      "guide:begin line 41 128\n",
      "lp:  line 41 128\n",
      "guide:end line 41 128\n",
      "model:end line 41 256\n",
      "sds: tensor(0.1239, grad_fn=<StdBackward0>) tensor(0.1107, grad_fn=<AddBackward0>) tensor(0.0632, grad_fn=<StdBackward0>)\n",
      "ps2\n",
      " ecstar = tensor([ 0.0791, -0.4673], grad_fn=<SliceBackward>)\n",
      "epoch 130 loss = 7.47E+08, mean_loss=7.93E+08;\n",
      " logitstar = tensor([[-0.1434, -0.8732,  1.0166],\n",
      "        [ 0.4513, -0.0374, -0.4138],\n",
      "        [-0.0706, -0.4913,  0.5619]], grad_fn=<AddBackward0>)\n",
      "sds: tensor(0.1439, grad_fn=<StdBackward0>) tensor(0.1087, grad_fn=<AddBackward0>) tensor(0.0474, grad_fn=<StdBackward0>)\n",
      "ps2\n",
      " ecstar = tensor([ 0.1133, -0.4550], grad_fn=<SliceBackward>)\n",
      "epoch 140 loss = 7.30E+08, mean_loss=7.82E+08;\n",
      " logitstar = tensor([[-0.1264, -0.9057,  1.0320],\n",
      "        [ 0.5355,  0.0249, -0.5604],\n",
      "        [-0.0692, -0.4841,  0.5533]], grad_fn=<AddBackward0>)\n",
      "sds: tensor(0.1357, grad_fn=<StdBackward0>) tensor(0.0958, grad_fn=<AddBackward0>) tensor(0.0384, grad_fn=<StdBackward0>)\n",
      "ps2\n",
      " ecstar = tensor([ 0.1316, -0.4382], grad_fn=<SliceBackward>)\n",
      "epoch 150 loss = 7.03E+08, mean_loss=7.74E+08;\n",
      " logitstar = tensor([[-0.1227, -0.9227,  1.0454],\n",
      "        [ 0.5934,  0.0917, -0.6851],\n",
      "        [-0.0757, -0.4835,  0.5592]], grad_fn=<AddBackward0>)\n",
      "sds: tensor(0.0733, grad_fn=<StdBackward0>) tensor(0.0825, grad_fn=<AddBackward0>) tensor(0.0318, grad_fn=<StdBackward0>)\n",
      "ps2\n",
      " ecstar = tensor([ 0.1365, -0.4339], grad_fn=<SliceBackward>)\n",
      "epoch 160 loss = 6.67E+08, mean_loss=7.61E+08;\n",
      " logitstar = tensor([[-0.1317, -0.9472,  1.0789],\n",
      "        [ 0.5876,  0.1425, -0.7301],\n",
      "        [-0.0465, -0.4969,  0.5435]], grad_fn=<AddBackward0>)\n",
      "types? line 100 512\n",
      "sds: tensor(0.1238, grad_fn=<StdBackward0>) tensor(0.1007, grad_fn=<AddBackward0>) tensor(0.0345, grad_fn=<StdBackward0>)\n",
      "ps2\n",
      " ecstar = tensor([ 0.1450, -0.4302], grad_fn=<SliceBackward>)\n",
      "epoch 170 loss = 6.79E+08, mean_loss=7.47E+08;\n",
      " logitstar = tensor([[-0.1210, -0.9626,  1.0836],\n",
      "        [ 0.5626,  0.1875, -0.7501],\n",
      "        [-0.0065, -0.5154,  0.5219]], grad_fn=<AddBackward0>)\n",
      "sds: tensor(0.0640, grad_fn=<StdBackward0>) tensor(0.0737, grad_fn=<AddBackward0>) tensor(0.0191, grad_fn=<StdBackward0>)\n",
      "ps2\n",
      " ecstar = tensor([ 0.1534, -0.4314], grad_fn=<SliceBackward>)\n",
      "epoch 180 loss = 6.20E+08, mean_loss=7.33E+08;\n",
      " logitstar = tensor([[-0.1050, -0.9773,  1.0823],\n",
      "        [ 0.5305,  0.2123, -0.7428],\n",
      "        [ 0.0348, -0.5293,  0.4945]], grad_fn=<AddBackward0>)\n",
      "sds: tensor(0.0663, grad_fn=<StdBackward0>) tensor(0.0776, grad_fn=<AddBackward0>) tensor(0.0216, grad_fn=<StdBackward0>)\n",
      "ps2\n",
      " ecstar = tensor([ 0.1521, -0.4365], grad_fn=<SliceBackward>)\n",
      "epoch 190 loss = 8.53E+08, mean_loss=7.32E+08;\n",
      " logitstar = tensor([[-0.1028, -0.9916,  1.0944],\n",
      "        [ 0.4862,  0.2165, -0.7028],\n",
      "        [ 0.0730, -0.5344,  0.4614]], grad_fn=<AddBackward0>)\n",
      "sds: tensor(0.1483, grad_fn=<StdBackward0>) tensor(0.0896, grad_fn=<AddBackward0>) tensor(0.0221, grad_fn=<StdBackward0>)\n",
      "ps2\n",
      " ecstar = tensor([ 0.1549, -0.4350], grad_fn=<SliceBackward>)\n",
      "epoch 200 loss = 6.83E+08, mean_loss=7.26E+08;\n",
      " logitstar = tensor([[-0.0955, -0.9962,  1.0917],\n",
      "        [ 0.4739,  0.2423, -0.7162],\n",
      "        [ 0.0865, -0.5510,  0.4645]], grad_fn=<AddBackward0>)\n",
      "sds: tensor(0.0929, grad_fn=<StdBackward0>) tensor(0.0790, grad_fn=<AddBackward0>) tensor(0.0194, grad_fn=<StdBackward0>)\n",
      "ps2\n",
      " ecstar = tensor([ 0.1605, -0.4350], grad_fn=<SliceBackward>)\n",
      "epoch 210 loss = 6.27E+08, mean_loss=7.25E+08;\n",
      " logitstar = tensor([[-0.0837, -1.0007,  1.0844],\n",
      "        [ 0.4791,  0.2460, -0.7251],\n",
      "        [ 0.0863, -0.5505,  0.4642]], grad_fn=<AddBackward0>)\n",
      "sds: tensor(0.1430, grad_fn=<StdBackward0>) tensor(0.0870, grad_fn=<AddBackward0>) tensor(0.0221, grad_fn=<StdBackward0>)\n",
      "ps2\n",
      " ecstar = tensor([ 0.1631, -0.4414], grad_fn=<SliceBackward>)\n",
      "epoch 220 loss = 5.04E+08, mean_loss=7.12E+08;\n",
      " logitstar = tensor([[-0.0823, -1.0147,  1.0970],\n",
      "        [ 0.4654,  0.2293, -0.6947],\n",
      "        [ 0.1063, -0.5390,  0.4326]], grad_fn=<AddBackward0>)\n",
      "sds: tensor(0.0705, grad_fn=<StdBackward0>) tensor(0.0752, grad_fn=<AddBackward0>) tensor(0.0212, grad_fn=<StdBackward0>)\n",
      "ps2\n",
      " ecstar = tensor([ 0.1698, -0.4422], grad_fn=<SliceBackward>)\n",
      "epoch 230 loss = 7.97E+08, mean_loss=7.06E+08;\n",
      " logitstar = tensor([[-0.0682, -1.0221,  1.0903],\n",
      "        [ 0.4570,  0.2326, -0.6897],\n",
      "        [ 0.1205, -0.5370,  0.4165]], grad_fn=<AddBackward0>)\n",
      "sds: tensor(0.0825, grad_fn=<StdBackward0>) tensor(0.0749, grad_fn=<AddBackward0>) tensor(0.0176, grad_fn=<StdBackward0>)\n",
      "ps2\n",
      " ecstar = tensor([ 0.1680, -0.4431], grad_fn=<SliceBackward>)\n",
      "epoch 240 loss = 7.57E+08, mean_loss=7.04E+08;\n",
      " logitstar = tensor([[-0.0632, -1.0260,  1.0892],\n",
      "        [ 0.4608,  0.2387, -0.6995],\n",
      "        [ 0.1063, -0.5419,  0.4357]], grad_fn=<AddBackward0>)\n",
      "sds: tensor(0.0733, grad_fn=<StdBackward0>) tensor(0.0777, grad_fn=<AddBackward0>) tensor(0.0230, grad_fn=<StdBackward0>)\n",
      "ps2\n",
      " ecstar = tensor([ 0.1641, -0.4401], grad_fn=<SliceBackward>)\n",
      "epoch 250 loss = 6.99E+08, mean_loss=7.01E+08;\n",
      " logitstar = tensor([[-0.0641, -1.0300,  1.0941],\n",
      "        [ 0.4558,  0.2406, -0.6964],\n",
      "        [ 0.1006, -0.5310,  0.4304]], grad_fn=<AddBackward0>)\n",
      "svi.step(... line 41 256\n",
      "guide:begin line 41 256\n",
      "lp:  line 41 256\n",
      "guide:end line 41 256\n",
      "model:end line 41 512\n",
      "sds: tensor(0.0907, grad_fn=<StdBackward0>) tensor(0.0766, grad_fn=<AddBackward0>) tensor(0.0202, grad_fn=<StdBackward0>)\n",
      "ps2\n",
      " ecstar = tensor([ 0.1640, -0.4379], grad_fn=<SliceBackward>)\n",
      "epoch 260 loss = 6.68E+08, mean_loss=6.98E+08;\n",
      " logitstar = tensor([[-0.0684, -1.0338,  1.1022],\n",
      "        [ 0.4472,  0.2390, -0.6861],\n",
      "        [ 0.1133, -0.5188,  0.4055]], grad_fn=<AddBackward0>)\n",
      "sds: tensor(0.0846, grad_fn=<StdBackward0>) tensor(0.0757, grad_fn=<AddBackward0>) tensor(0.0201, grad_fn=<StdBackward0>)\n",
      "ps2\n",
      " ecstar = tensor([ 0.1734, -0.4333], grad_fn=<SliceBackward>)\n",
      "epoch 270 loss = 6.88E+08, mean_loss=6.97E+08;\n",
      " logitstar = tensor([[-0.0605, -1.0330,  1.0935],\n",
      "        [ 0.4569,  0.2446, -0.7014],\n",
      "        [ 0.1240, -0.5114,  0.3875]], grad_fn=<AddBackward0>)\n",
      "sds: tensor(0.0687, grad_fn=<StdBackward0>) tensor(0.0766, grad_fn=<AddBackward0>) tensor(0.0190, grad_fn=<StdBackward0>)\n",
      "ps2\n",
      " ecstar = tensor([ 0.1753, -0.4340], grad_fn=<SliceBackward>)\n",
      "epoch 280 loss = 7.93E+08, mean_loss=6.90E+08;\n",
      " logitstar = tensor([[-0.0615, -1.0374,  1.0989],\n",
      "        [ 0.4542,  0.2382, -0.6925],\n",
      "        [ 0.1330, -0.5029,  0.3698]], grad_fn=<AddBackward0>)\n",
      "sds: tensor(0.0961, grad_fn=<StdBackward0>) tensor(0.0779, grad_fn=<AddBackward0>) tensor(0.0187, grad_fn=<StdBackward0>)\n",
      "ps2\n",
      " ecstar = tensor([ 0.1788, -0.4365], grad_fn=<SliceBackward>)\n",
      "epoch 290 loss = 6.42E+08, mean_loss=6.85E+08;\n",
      " logitstar = tensor([[-0.0612, -1.0434,  1.1046],\n",
      "        [ 0.4741,  0.2464, -0.7205],\n",
      "        [ 0.1236, -0.5126,  0.3890]], grad_fn=<AddBackward0>)\n",
      "sds: tensor(0.1032, grad_fn=<StdBackward0>) tensor(0.0805, grad_fn=<AddBackward0>) tensor(0.0210, grad_fn=<StdBackward0>)\n",
      "ps2\n",
      " ecstar = tensor([ 0.1809, -0.4431], grad_fn=<SliceBackward>)\n",
      "epoch 300 loss = 6.73E+08, mean_loss=6.87E+08;\n",
      " logitstar = tensor([[-0.0589, -1.0499,  1.1088],\n",
      "        [ 0.4567,  0.2381, -0.6948],\n",
      "        [ 0.1448, -0.5176,  0.3728]], grad_fn=<AddBackward0>)\n",
      "sds: tensor(0.0955, grad_fn=<StdBackward0>) tensor(0.0779, grad_fn=<AddBackward0>) tensor(0.0222, grad_fn=<StdBackward0>)\n",
      "ps2\n",
      " ecstar = tensor([ 0.1789, -0.4437], grad_fn=<SliceBackward>)\n",
      "epoch 310 loss = 6.46E+08, mean_loss=6.83E+08;\n",
      " logitstar = tensor([[-0.0542, -1.0404,  1.0946],\n",
      "        [ 0.4415,  0.2347, -0.6761],\n",
      "        [ 0.1494, -0.5255,  0.3761]], grad_fn=<AddBackward0>)\n",
      "sds: tensor(0.0855, grad_fn=<StdBackward0>) tensor(0.0780, grad_fn=<AddBackward0>) tensor(0.0209, grad_fn=<StdBackward0>)\n",
      "ps2\n",
      " ecstar = tensor([ 0.1763, -0.4451], grad_fn=<SliceBackward>)\n",
      "epoch 320 loss = 7.17E+08, mean_loss=6.83E+08;\n",
      " logitstar = tensor([[-0.0577, -1.0383,  1.0960],\n",
      "        [ 0.4463,  0.2474, -0.6937],\n"
     ]
    },
    {
     "name": "stdout",
     "output_type": "stream",
     "text": [
      "        [ 0.1402, -0.5443,  0.4041]], grad_fn=<AddBackward0>)\n",
      "sds: tensor(0.0858, grad_fn=<StdBackward0>) tensor(0.0743, grad_fn=<AddBackward0>) tensor(0.0176, grad_fn=<StdBackward0>)\n",
      "ps2\n",
      " ecstar = tensor([ 0.1746, -0.4503], grad_fn=<SliceBackward>)\n",
      "epoch 330 loss = 5.82E+08, mean_loss=6.84E+08;\n",
      " logitstar = tensor([[-0.0637, -1.0465,  1.1103],\n",
      "        [ 0.4501,  0.2442, -0.6943],\n",
      "        [ 0.1375, -0.5486,  0.4111]], grad_fn=<AddBackward0>)\n",
      "sds: tensor(0.0720, grad_fn=<StdBackward0>) tensor(0.0758, grad_fn=<AddBackward0>) tensor(0.0178, grad_fn=<StdBackward0>)\n",
      "ps2\n",
      " ecstar = tensor([ 0.1762, -0.4473], grad_fn=<SliceBackward>)\n",
      "epoch 340 loss = 6.98E+08, mean_loss=6.88E+08;\n",
      " logitstar = tensor([[-0.0564, -1.0372,  1.0936],\n",
      "        [ 0.4369,  0.2496, -0.6864],\n",
      "        [ 0.1481, -0.5542,  0.4061]], grad_fn=<AddBackward0>)\n",
      "types? line 100 1024\n",
      "sds: tensor(0.0851, grad_fn=<StdBackward0>) tensor(0.0740, grad_fn=<AddBackward0>) tensor(0.0156, grad_fn=<StdBackward0>)\n",
      "ps2\n",
      " ecstar = tensor([ 0.1741, -0.4475], grad_fn=<SliceBackward>)\n",
      "epoch 350 loss = 7.10E+08, mean_loss=6.81E+08;\n",
      " logitstar = tensor([[-0.0578, -1.0365,  1.0943],\n",
      "        [ 0.4302,  0.2490, -0.6791],\n",
      "        [ 0.1499, -0.5549,  0.4050]], grad_fn=<AddBackward0>)\n",
      "sds: tensor(0.0793, grad_fn=<StdBackward0>) tensor(0.0778, grad_fn=<AddBackward0>) tensor(0.0220, grad_fn=<StdBackward0>)\n",
      "ps2\n",
      " ecstar = tensor([ 0.1713, -0.4497], grad_fn=<SliceBackward>)\n",
      "epoch 360 loss = 6.72E+08, mean_loss=6.81E+08;\n",
      " logitstar = tensor([[-0.0624, -1.0405,  1.1029],\n",
      "        [ 0.4349,  0.2387, -0.6736],\n",
      "        [ 0.1415, -0.5473,  0.4058]], grad_fn=<AddBackward0>)\n",
      "sds: tensor(0.1315, grad_fn=<StdBackward0>) tensor(0.0935, grad_fn=<AddBackward0>) tensor(0.0227, grad_fn=<StdBackward0>)\n",
      "ps2\n",
      " ecstar = tensor([ 0.1760, -0.4448], grad_fn=<SliceBackward>)\n",
      "epoch 370 loss = 6.01E+08, mean_loss=6.77E+08;\n",
      " logitstar = tensor([[-0.0527, -1.0305,  1.0832],\n",
      "        [ 0.4583,  0.2508, -0.7091],\n",
      "        [ 0.1224, -0.5545,  0.4322]], grad_fn=<AddBackward0>)\n",
      "sds: tensor(0.1307, grad_fn=<StdBackward0>) tensor(0.1178, grad_fn=<AddBackward0>) tensor(0.0481, grad_fn=<StdBackward0>)\n",
      "ps2\n",
      " ecstar = tensor([ 0.1738, -0.4458], grad_fn=<SliceBackward>)\n",
      "epoch 380 loss = 6.68E+08, mean_loss=6.80E+08;\n",
      " logitstar = tensor([[-0.0559, -1.0326,  1.0884],\n",
      "        [ 0.4563,  0.2418, -0.6981],\n",
      "        [ 0.1211, -0.5467,  0.4256]], grad_fn=<AddBackward0>)\n",
      "sds: tensor(0.0635, grad_fn=<StdBackward0>) tensor(0.0769, grad_fn=<AddBackward0>) tensor(0.0218, grad_fn=<StdBackward0>)\n",
      "ps2\n",
      " ecstar = tensor([ 0.1632, -0.4506], grad_fn=<SliceBackward>)\n",
      "epoch 390 loss = 7.15E+08, mean_loss=6.77E+08;\n",
      " logitstar = tensor([[-0.0713, -1.0421,  1.1134],\n",
      "        [ 0.4541,  0.2471, -0.7012],\n",
      "        [ 0.1068, -0.5568,  0.4501]], grad_fn=<AddBackward0>)\n",
      "sds: tensor(0.1170, grad_fn=<StdBackward0>) tensor(0.0737, grad_fn=<AddBackward0>) tensor(0.0204, grad_fn=<StdBackward0>)\n",
      "ps2\n",
      " ecstar = tensor([ 0.1691, -0.4427], grad_fn=<SliceBackward>)\n",
      "epoch 400 loss = 5.95E+08, mean_loss=6.75E+08;\n",
      " logitstar = tensor([[-0.0575, -1.0262,  1.0837],\n",
      "        [ 0.4580,  0.2577, -0.7157],\n",
      "        [ 0.1067, -0.5595,  0.4528]], grad_fn=<AddBackward0>)\n",
      "sds: tensor(0.1048, grad_fn=<StdBackward0>) tensor(0.0857, grad_fn=<AddBackward0>) tensor(0.0205, grad_fn=<StdBackward0>)\n",
      "ps2\n",
      " ecstar = tensor([ 0.1659, -0.4451], grad_fn=<SliceBackward>)\n",
      "epoch 410 loss = 7.65E+08, mean_loss=6.78E+08;\n",
      " logitstar = tensor([[-0.0630, -1.0311,  1.0941],\n",
      "        [ 0.4495,  0.2413, -0.6908],\n",
      "        [ 0.1113, -0.5455,  0.4342]], grad_fn=<AddBackward0>)\n",
      "sds: tensor(0.1386, grad_fn=<StdBackward0>) tensor(0.1009, grad_fn=<AddBackward0>) tensor(0.0273, grad_fn=<StdBackward0>)\n",
      "ps2\n",
      " ecstar = tensor([ 0.1642, -0.4465], grad_fn=<SliceBackward>)\n",
      "epoch 420 loss = 7.60E+08, mean_loss=6.81E+08;\n",
      " logitstar = tensor([[-0.0662, -1.0340,  1.1002],\n",
      "        [ 0.4507,  0.2459, -0.6965],\n",
      "        [ 0.1082, -0.5515,  0.4433]], grad_fn=<AddBackward0>)\n",
      "sds: tensor(0.0712, grad_fn=<StdBackward0>) tensor(0.0752, grad_fn=<AddBackward0>) tensor(0.0199, grad_fn=<StdBackward0>)\n",
      "ps2\n",
      " ecstar = tensor([ 0.1698, -0.4449], grad_fn=<SliceBackward>)\n",
      "epoch 430 loss = 6.74E+08, mean_loss=6.79E+08;\n",
      " logitstar = tensor([[-0.0642, -1.0370,  1.1012],\n",
      "        [ 0.4535,  0.2458, -0.6993],\n",
      "        [ 0.1202, -0.5436,  0.4234]], grad_fn=<AddBackward0>)\n",
      "sds: tensor(0.1046, grad_fn=<StdBackward0>) tensor(0.0789, grad_fn=<AddBackward0>) tensor(0.0213, grad_fn=<StdBackward0>)\n",
      "ps2\n",
      " ecstar = tensor([ 0.1763, -0.4366], grad_fn=<SliceBackward>)\n",
      "epoch 440 loss = 6.67E+08, mean_loss=6.74E+08;\n",
      " logitstar = tensor([[-0.0525, -1.0293,  1.0818],\n",
      "        [ 0.4473,  0.2385, -0.6858],\n",
      "        [ 0.1341, -0.5189,  0.3848]], grad_fn=<AddBackward0>)\n",
      "sds: tensor(0.0870, grad_fn=<StdBackward0>) tensor(0.0744, grad_fn=<AddBackward0>) tensor(0.0203, grad_fn=<StdBackward0>)\n",
      "ps2\n",
      " ecstar = tensor([ 0.1697, -0.4417], grad_fn=<SliceBackward>)\n",
      "epoch 450 loss = 6.03E+08, mean_loss=6.72E+08;\n",
      " logitstar = tensor([[-0.0652, -1.0426,  1.1078],\n",
      "        [ 0.4443,  0.2344, -0.6787],\n",
      "        [ 0.1301, -0.5168,  0.3867]], grad_fn=<AddBackward0>)\n",
      "sds: tensor(0.1594, grad_fn=<StdBackward0>) tensor(0.1087, grad_fn=<AddBackward0>) tensor(0.0306, grad_fn=<StdBackward0>)\n",
      "ps2\n",
      " ecstar = tensor([ 0.1745, -0.4364], grad_fn=<SliceBackward>)\n",
      "epoch 460 loss = 6.63E+08, mean_loss=6.73E+08;\n",
      " logitstar = tensor([[-0.0556, -1.0332,  1.0888],\n",
      "        [ 0.4479,  0.2495, -0.6974],\n",
      "        [ 0.1311, -0.5256,  0.3945]], grad_fn=<AddBackward0>)\n",
      "sds: tensor(0.0654, grad_fn=<StdBackward0>) tensor(0.0772, grad_fn=<AddBackward0>) tensor(0.0209, grad_fn=<StdBackward0>)\n",
      "ps2\n",
      " ecstar = tensor([ 0.1695, -0.4378], grad_fn=<SliceBackward>)\n",
      "epoch 470 loss = 7.38E+08, mean_loss=6.75E+08;\n",
      " logitstar = tensor([[-0.0598, -1.0340,  1.0939],\n",
      "        [ 0.4421,  0.2508, -0.6930],\n",
      "        [ 0.1262, -0.5302,  0.4039]], grad_fn=<AddBackward0>)\n",
      "sds: tensor(0.1145, grad_fn=<StdBackward0>) tensor(0.0799, grad_fn=<AddBackward0>) tensor(0.0198, grad_fn=<StdBackward0>)\n",
      "ps2\n",
      " ecstar = tensor([ 0.1754, -0.4463], grad_fn=<SliceBackward>)\n",
      "epoch 480 loss = 7.67E+08, mean_loss=6.72E+08;\n",
      " logitstar = tensor([[-0.0533, -1.0460,  1.0993],\n",
      "        [ 0.4584,  0.2406, -0.6990],\n",
      "        [ 0.1211, -0.5334,  0.4124]], grad_fn=<AddBackward0>)\n",
      "sds: tensor(0.0763, grad_fn=<StdBackward0>) tensor(0.0740, grad_fn=<AddBackward0>) tensor(0.0189, grad_fn=<StdBackward0>)\n",
      "ps2\n",
      " ecstar = tensor([ 0.1743, -0.4475], grad_fn=<SliceBackward>)\n",
      "epoch 490 loss = 6.39E+08, mean_loss=6.74E+08;\n",
      " logitstar = tensor([[-0.0528, -1.0461,  1.0988],\n",
      "        [ 0.4582,  0.2331, -0.6913],\n",
      "        [ 0.1173, -0.5296,  0.4123]], grad_fn=<AddBackward0>)\n",
      "sds: tensor(0.1337, grad_fn=<StdBackward0>) tensor(0.1020, grad_fn=<AddBackward0>) tensor(0.0224, grad_fn=<StdBackward0>)\n",
      "ps2\n",
      " ecstar = tensor([ 0.1773, -0.4494], grad_fn=<SliceBackward>)\n",
      "epoch 500 loss = 6.71E+08, mean_loss=6.72E+08;\n",
      " logitstar = tensor([[-0.0487, -1.0413,  1.0900],\n",
      "        [ 0.4564,  0.2418, -0.6982],\n",
      "        [ 0.1243, -0.5488,  0.4244]], grad_fn=<AddBackward0>)\n",
      "sds: tensor(0.0891, grad_fn=<StdBackward0>) tensor(0.0743, grad_fn=<AddBackward0>) tensor(0.0178, grad_fn=<StdBackward0>)\n",
      "ps2\n",
      " ecstar = tensor([ 0.1730, -0.4506], grad_fn=<SliceBackward>)\n",
      "epoch 510 loss = 7.41E+08, mean_loss=6.75E+08;\n",
      " logitstar = tensor([[-0.0582, -1.0380,  1.0962],\n",
      "        [ 0.4439,  0.2503, -0.6942],\n",
      "        [ 0.1331, -0.5642,  0.4310]], grad_fn=<AddBackward0>)\n",
      "svi.step(... line 41 512\n",
      "guide:begin line 41 512\n",
      "lp:  line 41 512\n",
      "guide:end line 41 512\n",
      "model:end line 41 1024\n",
      "sds: tensor(0.1137, grad_fn=<StdBackward0>) tensor(0.0883, grad_fn=<AddBackward0>) tensor(0.0209, grad_fn=<StdBackward0>)\n",
      "ps2\n",
      " ecstar = tensor([ 0.1789, -0.4520], grad_fn=<SliceBackward>)\n",
      "epoch 520 loss = 6.96E+08, mean_loss=6.74E+08;\n",
      " logitstar = tensor([[-0.0558, -1.0369,  1.0928],\n",
      "        [ 0.4614,  0.2512, -0.7126],\n",
      "        [ 0.1311, -0.5703,  0.4392]], grad_fn=<AddBackward0>)\n",
      "sds: tensor(0.0665, grad_fn=<StdBackward0>) tensor(0.0769, grad_fn=<AddBackward0>) tensor(0.0198, grad_fn=<StdBackward0>)\n",
      "ps2\n",
      " ecstar = tensor([ 0.1761, -0.4549], grad_fn=<SliceBackward>)\n",
      "epoch 530 loss = 7.19E+08, mean_loss=6.73E+08;\n",
      " logitstar = tensor([[-0.0637, -1.0368,  1.1005],\n",
      "        [ 0.4478,  0.2327, -0.6805],\n"
     ]
    },
    {
     "name": "stdout",
     "output_type": "stream",
     "text": [
      "        [ 0.1444, -0.5607,  0.4164]], grad_fn=<AddBackward0>)\n",
      "sds: tensor(0.1107, grad_fn=<StdBackward0>) tensor(0.0911, grad_fn=<AddBackward0>) tensor(0.0228, grad_fn=<StdBackward0>)\n",
      "ps2\n",
      " ecstar = tensor([ 0.1772, -0.4536], grad_fn=<SliceBackward>)\n",
      "epoch 540 loss = 6.45E+08, mean_loss=6.74E+08;\n",
      " logitstar = tensor([[-0.0626, -1.0321,  1.0947],\n",
      "        [ 0.4447,  0.2320, -0.6766],\n",
      "        [ 0.1495, -0.5607,  0.4112]], grad_fn=<AddBackward0>)\n",
      "sds: tensor(0.1074, grad_fn=<StdBackward0>) tensor(0.0823, grad_fn=<AddBackward0>) tensor(0.0201, grad_fn=<StdBackward0>)\n",
      "ps2\n",
      " ecstar = tensor([ 0.1817, -0.4490], grad_fn=<SliceBackward>)\n",
      "epoch 550 loss = 7.36E+08, mean_loss=6.71E+08;\n",
      " logitstar = tensor([[-0.0585, -1.0334,  1.0920],\n",
      "        [ 0.4584,  0.2402, -0.6986],\n",
      "        [ 0.1451, -0.5538,  0.4087]], grad_fn=<AddBackward0>)\n",
      "sds: tensor(0.0776, grad_fn=<StdBackward0>) tensor(0.0741, grad_fn=<AddBackward0>) tensor(0.0183, grad_fn=<StdBackward0>)\n",
      "ps2\n",
      " ecstar = tensor([ 0.1800, -0.4507], grad_fn=<SliceBackward>)\n",
      "epoch 560 loss = 6.02E+08, mean_loss=6.71E+08;\n",
      " logitstar = tensor([[-0.0637, -1.0469,  1.1106],\n",
      "        [ 0.4482,  0.2427, -0.6908],\n",
      "        [ 0.1553, -0.5478,  0.3925]], grad_fn=<AddBackward0>)\n",
      "sds: tensor(0.0789, grad_fn=<StdBackward0>) tensor(0.0773, grad_fn=<AddBackward0>) tensor(0.0195, grad_fn=<StdBackward0>)\n",
      "ps2\n",
      " ecstar = tensor([ 0.1855, -0.4451], grad_fn=<SliceBackward>)\n",
      "epoch 570 loss = 7.61E+08, mean_loss=6.70E+08;\n",
      " logitstar = tensor([[-0.0592, -1.0434,  1.1026],\n",
      "        [ 0.4423,  0.2504, -0.6927],\n",
      "        [ 0.1735, -0.5422,  0.3687]], grad_fn=<AddBackward0>)\n",
      "sds: tensor(0.1528, grad_fn=<StdBackward0>) tensor(0.1108, grad_fn=<AddBackward0>) tensor(0.0254, grad_fn=<StdBackward0>)\n",
      "ps2\n",
      " ecstar = tensor([ 0.1860, -0.4437], grad_fn=<SliceBackward>)\n",
      "epoch 580 loss = 6.04E+08, mean_loss=6.74E+08;\n",
      " logitstar = tensor([[-0.0567, -1.0391,  1.0958],\n",
      "        [ 0.4592,  0.2546, -0.7139],\n",
      "        [ 0.1553, -0.5466,  0.3912]], grad_fn=<AddBackward0>)\n",
      "sds: tensor(0.0930, grad_fn=<StdBackward0>) tensor(0.0819, grad_fn=<AddBackward0>) tensor(0.0218, grad_fn=<StdBackward0>)\n",
      "ps2\n",
      " ecstar = tensor([ 0.1720, -0.4452], grad_fn=<SliceBackward>)\n",
      "epoch 590 loss = 6.89E+08, mean_loss=6.70E+08;\n",
      " logitstar = tensor([[-0.0689, -1.0417,  1.1106],\n",
      "        [ 0.4472,  0.2476, -0.6947],\n",
      "        [ 0.1378, -0.5416,  0.4039]], grad_fn=<AddBackward0>)\n",
      "sds: tensor(0.1028, grad_fn=<StdBackward0>) tensor(0.0895, grad_fn=<AddBackward0>) tensor(0.0245, grad_fn=<StdBackward0>)\n",
      "ps2\n",
      " ecstar = tensor([ 0.1731, -0.4455], grad_fn=<SliceBackward>)\n",
      "epoch 600 loss = 5.94E+08, mean_loss=6.70E+08;\n",
      " logitstar = tensor([[-0.0593, -1.0344,  1.0937],\n",
      "        [ 0.4555,  0.2423, -0.6978],\n",
      "        [ 0.1233, -0.5443,  0.4211]], grad_fn=<AddBackward0>)\n",
      "sds: tensor(0.0793, grad_fn=<StdBackward0>) tensor(0.0815, grad_fn=<AddBackward0>) tensor(0.0243, grad_fn=<StdBackward0>)\n",
      "ps2\n",
      " ecstar = tensor([ 0.1748, -0.4567], grad_fn=<SliceBackward>)\n",
      "epoch 610 loss = 7.50E+08, mean_loss=6.71E+08;\n",
      " logitstar = tensor([[-0.0510, -1.0406,  1.0916],\n",
      "        [ 0.4514,  0.2198, -0.6712],\n",
      "        [ 0.1241, -0.5492,  0.4251]], grad_fn=<AddBackward0>)\n",
      "sds: tensor(0.0881, grad_fn=<StdBackward0>) tensor(0.0736, grad_fn=<AddBackward0>) tensor(0.0202, grad_fn=<StdBackward0>)\n",
      "ps2\n",
      " ecstar = tensor([ 0.1668, -0.4492], grad_fn=<SliceBackward>)\n",
      "epoch 620 loss = 5.75E+08, mean_loss=6.69E+08;\n",
      " logitstar = tensor([[-0.0663, -1.0280,  1.0942],\n",
      "        [ 0.4446,  0.2471, -0.6917],\n",
      "        [ 0.1221, -0.5666,  0.4446]], grad_fn=<AddBackward0>)\n",
      "sds: tensor(0.1193, grad_fn=<StdBackward0>) tensor(0.0842, grad_fn=<AddBackward0>) tensor(0.0218, grad_fn=<StdBackward0>)\n",
      "ps2\n",
      " ecstar = tensor([ 0.1745, -0.4510], grad_fn=<SliceBackward>)\n",
      "epoch 630 loss = 6.64E+08, mean_loss=6.66E+08;\n",
      " logitstar = tensor([[-0.0605, -1.0326,  1.0930],\n",
      "        [ 0.4581,  0.2540, -0.7121],\n",
      "        [ 0.1258, -0.5745,  0.4488]], grad_fn=<AddBackward0>)\n",
      "sds: tensor(0.0955, grad_fn=<StdBackward0>) tensor(0.0794, grad_fn=<AddBackward0>) tensor(0.0198, grad_fn=<StdBackward0>)\n",
      "ps2\n",
      " ecstar = tensor([ 0.1764, -0.4497], grad_fn=<SliceBackward>)\n",
      "epoch 640 loss = 6.55E+08, mean_loss=6.68E+08;\n",
      " logitstar = tensor([[-0.0599, -1.0344,  1.0942],\n",
      "        [ 0.4584,  0.2520, -0.7104],\n",
      "        [ 0.1307, -0.5667,  0.4360]], grad_fn=<AddBackward0>)\n",
      "sds: tensor(0.0588, grad_fn=<StdBackward0>) tensor(0.0778, grad_fn=<AddBackward0>) tensor(0.0221, grad_fn=<StdBackward0>)\n",
      "ps2\n",
      " ecstar = tensor([ 0.1751, -0.4447], grad_fn=<SliceBackward>)\n",
      "epoch 650 loss = 7.03E+08, mean_loss=6.74E+08;\n",
      " logitstar = tensor([[-0.0610, -1.0218,  1.0828],\n",
      "        [ 0.4538,  0.2440, -0.6979],\n",
      "        [ 0.1324, -0.5564,  0.4240]], grad_fn=<AddBackward0>)\n",
      "sds: tensor(0.1128, grad_fn=<StdBackward0>) tensor(0.0929, grad_fn=<AddBackward0>) tensor(0.0240, grad_fn=<StdBackward0>)\n",
      "ps2\n",
      " ecstar = tensor([ 0.1698, -0.4492], grad_fn=<SliceBackward>)\n",
      "epoch 660 loss = 6.75E+08, mean_loss=6.71E+08;\n",
      " logitstar = tensor([[-0.0723, -1.0339,  1.1063],\n",
      "        [ 0.4461,  0.2368, -0.6829],\n",
      "        [ 0.1358, -0.5505,  0.4147]], grad_fn=<AddBackward0>)\n",
      "sds: tensor(0.0935, grad_fn=<StdBackward0>) tensor(0.0772, grad_fn=<AddBackward0>) tensor(0.0173, grad_fn=<StdBackward0>)\n",
      "ps2\n",
      " ecstar = tensor([ 0.1758, -0.4484], grad_fn=<SliceBackward>)\n",
      "epoch 670 loss = 7.30E+08, mean_loss=6.71E+08;\n",
      " logitstar = tensor([[-0.0661, -1.0357,  1.1019],\n",
      "        [ 0.4626,  0.2411, -0.7037],\n",
      "        [ 0.1309, -0.5504,  0.4195]], grad_fn=<AddBackward0>)\n",
      "sds: tensor(0.1166, grad_fn=<StdBackward0>) tensor(0.0802, grad_fn=<AddBackward0>) tensor(0.0214, grad_fn=<StdBackward0>)\n",
      "ps2\n",
      " ecstar = tensor([ 0.1780, -0.4401], grad_fn=<SliceBackward>)\n",
      "epoch 680 loss = 5.84E+08, mean_loss=6.71E+08;\n",
      " logitstar = tensor([[-0.0661, -1.0205,  1.0866],\n",
      "        [ 0.4615,  0.2443, -0.7058],\n",
      "        [ 0.1387, -0.5441,  0.4055]], grad_fn=<AddBackward0>)\n",
      "types? line 100 2048\n",
      "sds: tensor(0.0736, grad_fn=<StdBackward0>) tensor(0.0736, grad_fn=<AddBackward0>) tensor(0.0177, grad_fn=<StdBackward0>)\n",
      "ps2\n",
      " ecstar = tensor([ 0.1712, -0.4421], grad_fn=<SliceBackward>)\n",
      "epoch 690 loss = 6.46E+08, mean_loss=6.73E+08;\n",
      " logitstar = tensor([[-0.0761, -1.0231,  1.0992],\n",
      "        [ 0.4507,  0.2466, -0.6972],\n",
      "        [ 0.1390, -0.5497,  0.4108]], grad_fn=<AddBackward0>)\n",
      "Cutoff reached line 41 1 : 673201222.6569587 671931287.5237513\n",
      "trainGuide post..................................................\n",
      ",,\n",
      ",,\n",
      ",,\n",
      "ec_then_erc_star:\n",
      "tensor([[ 0.1712, -0.4421],\n",
      "        [-0.2473, -0.5810],\n",
      "        [ 0.2795,  0.6886]], grad_fn=<SliceBackward>) (10 elems)\n",
      "globalpsi:\n",
      "tensor([0.1714, 0.1502, 0.1683, 0.1588, 0.1149, 0.0959],\n",
      "       grad_fn=<SliceBackward>) (10 elems)\n",
      "precinctpsi:\n",
      "tensor([0.2956, 0.3166, 0.3166, 0.3166, 0.3166, 0.2423, 0.3166, 0.3166, 0.3166,\n",
      "        0.3166], grad_fn=<SliceBackward>) (10 elems)\n",
      "::\n",
      "::\n",
      "rerunGuide 2774 0 None 694\n",
      "    rerunGuide 2774 0 None 694\n",
      "sdprc line 1353 1 : \n",
      "    Size 0: [1]; noNAN\n",
      "np complete? line 1282 1 : \n",
      "    Size 0: [400]; noNAN\n",
      "    Size 1: [400, 3, 3]; noNAN\n",
      "    Size 2: [400, 9]; noNAN\n",
      "    Size 3: [400, 3, 3]; noNAN\n",
      "    Size 4: [1]; noNAN\n",
      "    Size 5: [400, 9]; noNAN\n",
      "    Size 6: [400]; noNAN\n",
      "sampleYs line 1359 1 : \n",
      "    Size 0: [400, 13]; noNAN\n",
      "    Size 1: [400, 1, 13]; noNAN\n",
      "    Size 2: [13]; noNAN\n",
      "    Size 3: [694, 13, 13]; noNAN\n",
      "    Size 4: [400, 6]; noNAN\n",
      "    Size 5: [400, 3, 3]; noNAN\n",
      "    Size 6: [400, 1]; noNAN\n",
      "sdprc line 1353 2 : \n",
      "    Size 0: [1]; noNAN\n",
      "np complete? line 1282 2 : \n",
      "    Size 0: [400]; noNAN\n",
      "    Size 1: [400, 3, 3]; noNAN\n",
      "    Size 2: [400, 9]; noNAN\n",
